0	-1.0384
0.1	-1.1668
0.2	-0.92252
0.3	-0.4411
0.4	-1.4357
0.5	-0.48334
0.6	-1.5491
0.7	-1.2486
0.8	-0.82446
0.9	-0.6631
1	-1.2541
1.1	-1.0491
1.2	-1.2377
1.3	-1.4539
1.4	-0.64793
1.5	-1.1332
1.6	-0.97805
1.7	-0.35168
1.8	-0.88131
1.9	-0.98987
2	-0.76398
2.1	-0.90593
2.2	-1.3378
2.3	-0.75338
2.4	-0.96882
2.5	-0.99561
2.6	-0.73781
2.7	-0.90512
2.8	-1.1254
2.9	-1.3205
3	-0.75998
3.1	-0.7161
3.2	-0.88826
3.3	-0.91852
3.4	-0.96968
3.5	-0.97486
3.6	-0.99891
3.7	-0.50225
3.8	-0.58048
3.9	-1.0368
4	-0.69914
4.1	-1.0911
4.2	-1.1281
4.3	-0.94564
4.4	-0.84257
4.5	-1.0701
4.6	-1.3278
4.7	-0.65146
4.8	-1.0208
4.9	-0.87545
5	-0.70216
5.1	-0.84773
5.2	-0.86102
5.3	-0.75556
5.4	-0.69309
5.5	-1.0255
5.6	-0.74165
5.7	-0.65988
5.8	-0.73064
5.9	-1.2877
6	-0.48111
6.1	-1.1317
6.2	-0.2303
6.3	-1.0065
6.4	-0.86796
6.5	-0.46928
6.6	-1.1974
6.7	-0.64469
6.8	-0.55687
6.9	-0.60986
7	-0.98298
7.1	-0.62181
7.2	-1.0457
7.3	-0.65553
7.4	-0.904
7.5	-0.6749
7.6	-0.96957
7.7	-0.59397
7.8	-0.8585
7.9	-0.95941
8	-1.3586
8.1	-0.54833
8.2	-0.16068
8.3	-0.84149
8.4	-0.2358
8.5	-0.71539
8.6	-0.89611
8.7	-0.62004
8.8	-0.75963
8.9	-0.42109
9	-0.87939
9.1	-0.57493
9.2	-0.51949
9.3	-0.55966
9.4	-0.50383
9.5	-0.70876
9.6	-1.0172
9.7	-0.46388
9.8	-0.84071
9.9	-0.2146
10	-0.6327
10.1	-0.27304
10.2	-0.0060871
10.3	-0.61663
10.4	-0.68675
10.5	-0.16406
10.6	-0.3938
10.7	-0.46894
10.8	-0.42866
10.9	-0.68419
11	-0.13864
11.1	-0.58263
11.2	-0.10265
11.3	-0.5725
11.4	0.019182
11.5	-0.31935
11.6	-1.3302
11.7	-0.44493
11.8	-0.0029347
11.9	-0.46732
12	-0.55755
12.1	-0.21837
12.2	0.095554
12.3	-0.11166
12.4	-0.29081
12.5	-0.16076
12.6	-0.15032
12.7	-0.35032
12.8	-0.16743
12.9	-0.281
13	-0.057058
13.1	-0.071522
13.2	-0.67644
13.3	-0.40256
13.4	-0.5979
13.5	-0.19019
13.6	-0.89256
13.7	-0.23486
13.8	0.12781
13.9	-0.048924
14	0.25349
14.1	-0.16449
14.2	-0.31156
14.3	-0.69076
14.4	0.66024
14.5	-0.033271
14.6	0.20911
14.7	0.059942
14.8	-0.20687
14.9	-0.1766
15	-0.82809
15.1	-0.36264
15.2	-0.17802
15.3	-0.23915
15.4	0.18748
15.5	0.11619
15.6	-0.16265
15.7	-0.35619
15.8	0.24374
15.9	-0.0049123
16	0.12945
16.1	0.14301
16.2	0.013336
16.3	0.27403
16.4	0.13753
16.5	0.093118
16.6	-0.23034
16.7	0.111
16.8	0.38405
16.9	-0.0037058
17	0.24917
17.1	0.32925
17.2	1.1478
17.3	-0.057005
17.4	0.10721
17.5	0.049272
17.6	-0.27181
17.7	0.253
17.8	0.30531
17.9	0.10872
18	0.21372
18.1	0.20621
18.2	0.15597
18.3	0.00023245
18.4	0.050175
18.5	0.00048059
18.6	0.49486
18.7	0.287
18.8	0.40272
18.9	0.10349
19	-0.32661
19.1	0.34767
19.2	0.52998
19.3	0.6946
19.4	-0.18562
19.5	0.45925
19.6	0.42701
19.7	0.40253
19.8	0.3647
19.9	0.99043
20	0.068754
20.1	0.48564
20.2	0.56678
20.3	-0.14978
20.4	0.58382
20.5	0.89848
20.6	0.38387
20.7	0.39134
20.8	0.050619
20.9	0.5871
21	0.81581
21.1	0.13623
21.2	0.11658
21.3	0.35039
21.4	0.56778
21.5	0.88358
21.6	0.72432
21.7	0.53931
21.8	0.31914
21.9	0.59866
22	0.75016
22.1	0.38002
22.2	0.67355
22.3	0.69353
22.4	1.0183
22.5	1.095
22.6	0.076953
22.7	0.97195
22.8	0.45638
22.9	0.26507
23	0.48436
23.1	0.53049
23.2	0.77478
23.3	0.62362
23.4	0.28993
23.5	0.59823
23.6	0.1376
23.7	1.1915
23.8	0.53063
23.9	0.93922
24	0.93758
24.1	0.54779
24.2	0.29258
24.3	0.29785
24.4	1.0059
24.5	0.73433
24.6	1.0954
24.7	0.64246
24.8	-0.089172
24.9	0.46958
25	1.0399
25.1	0.86943
25.2	1.3742
25.3	0.92269
25.4	0.2865
25.5	1.5749
25.6	1.1575
25.7	0.40306
25.8	0.91271
25.9	0.83834
26	0.62956
26.1	0.31791
26.2	0.58295
26.3	0.95433
26.4	0.71005
26.5	0.62444
26.6	0.901
26.7	1.6726
26.8	0.96903
26.9	1.1306
27	0.74166
27.1	0.44108
27.2	0.57431
27.3	1.0792
27.4	0.93489
27.5	0.91016
27.6	1.1864
27.7	1.5561
27.8	1.2242
27.9	0.83839
28	1.0326
28.1	1.2279
28.2	0.96985
28.3	1.3939
28.4	1.3257
28.5	1.1375
28.6	0.4937
28.7	0.60452
28.8	0.6633
28.9	1.2828
29	0.96318
29.1	1.5436
29.2	0.93944
29.3	0.97454
29.4	0.91252
29.5	1.3669
29.6	1.2997
29.7	1.0413
29.8	0.83689
29.9	0.87592
30	0.88109
30.1	1.1957
30.2	1.2968
30.3	1.4873
30.4	1.3063
30.5	0.67243
30.6	1.2985
30.7	1.0354
30.8	0.78535
30.9	0.93841
31	0.95583
31.1	1.0001
31.2	1.0423
31.3	0.95928
31.4	0.8666
31.5	1.3697
31.6	1.434
31.7	1.1631
31.8	1.0202
31.9	1.4255
32	0.88766
32.1	0.90725
32.2	1.014
32.3	1.2949
32.4	0.9646
32.5	1.1589
32.6	0.96296
32.7	1.0587
32.8	0.39703
32.9	1.408
33	1.2894
33.1	0.66779
33.2	0.24167
33.3	1.4794
33.4	0.9981
33.5	1.2585
33.6	1.1541
33.7	1.0981
33.8	1.3238
33.9	1.1121
34	0.45531
34.1	1.1681
34.2	0.85939
34.3	1.0169
34.4	1.0217
34.5	1.0558
34.6	0.78242
34.7	0.77513
34.8	0.62103
34.9	1.269
35	0.96464
35.1	1.0689
35.2	1.2397
35.3	0.5787
35.4	0.58125
35.5	0.86487
35.6	1.1209
35.7	0.64895
35.8	0.67997
35.9	1.0614
36	0.99105
36.1	1.0594
36.2	1.0955
36.3	1.1964
36.4	0.35732
36.5	0.91692
36.6	0.97909
36.7	0.35319
36.8	0.88649
36.9	1.1736
37	0.39186
37.1	0.85544
37.2	0.66452
37.3	1.0439
37.4	0.48954
37.5	0.4814
37.6	1.2032
37.7	0.95363
37.8	1.214
37.9	1.0572
38	0.97559
38.1	0.82084
38.2	0.38204
38.3	0.77022
38.4	0.82773
38.5	0.91139
38.6	0.47914
38.7	0.77363
38.8	1.255
38.9	0.56735
39	0.75776
39.1	0.7723
39.2	0.43677
39.3	0.81361
39.4	0.76132
39.5	-0.022475
39.6	1.3481
39.7	1.0886
39.8	1.0319
39.9	0.91845
40	0.55096
40.1	0.2863
40.2	0.49744
40.3	0.78142
40.4	1.1961
40.5	0.31439
40.6	1.1674
40.7	0.28342
40.8	0.83217
40.9	0.56118
41	-0.010778
41.1	1.3165
41.2	0.19638
41.3	0.3378
41.4	0.40636
41.5	0.42058
41.6	0.58858
41.7	0.61497
41.8	1.1352
41.9	0.92548
42	0.77923
42.1	0.2843
42.2	0.79501
42.3	0.40424
42.4	0.3684
42.5	0.60985
42.6	0.078509
42.7	-0.29343
42.8	0.29498
42.9	0.15693
43	0.6568
43.1	0.31285
43.2	0.81428
43.3	0.2157
43.4	0.55173
43.5	0.50162
43.6	0.46278
43.7	0.044953
43.8	0.34435
43.9	0.27886
44	0.13418
44.1	0.20625
44.2	0.14326
44.3	0.18556
44.4	0.010569
44.5	-0.10662
44.6	0.056069
44.7	0.15328
44.8	0.53043
44.9	0.044141
45	0.67804
45.1	-0.2074
45.2	0.76123
45.3	0.23474
45.4	-0.47845
45.5	0.37374
45.6	-0.5158
45.7	0.24427
45.8	0.80737
45.9	0.072243
46	0.25826
46.1	0.3041
46.2	-0.020229
46.3	0.32844
46.4	-0.040136
46.5	0.3259
46.6	-0.24704
46.7	0.063514
46.8	-0.054779
46.9	-0.21112
47	0.038956
47.1	-0.43971
47.2	-0.49955
47.3	-0.45359
47.4	-0.26862
47.5	0.21517
47.6	-0.03264
47.7	0.31681
47.8	0.22857
47.9	-0.22187
48	-0.49574
48.1	-0.089141
48.2	-0.21175
48.3	0.2499
48.4	-0.34736
48.5	0.33669
48.6	-0.070798
48.7	-0.017642
48.8	-0.38134
48.9	-0.48143
49	-0.23932
49.1	-0.18994
49.2	-0.64439
49.3	-0.18276
49.4	-0.45625
49.5	-0.10898
49.6	0.04779
49.7	-0.82205
49.8	-0.48212
49.9	-0.35538
50	-0.95913
50.1	-1.0715
50.2	-0.81084
50.3	-0.043678
50.4	0.1638
50.5	-0.5226
50.6	-0.47612
50.7	-0.29672
50.8	-0.11505
50.9	-0.10475
51	0.37381
51.1	-0.24538
51.2	-0.74681
51.3	0.29002
51.4	-0.71406
51.5	-0.63527
51.6	-0.16066
51.7	-0.38914
51.8	-0.43028
51.9	-0.45788
52	-0.87039
52.1	-0.86296
52.2	-0.98905
52.3	-0.26805
52.4	-0.7722
52.5	-1.0325
52.6	-0.37768
52.7	-0.60535
52.8	-0.92857
52.9	-0.45895
53	-0.42248
53.1	-0.41165
53.2	-0.75393
53.3	-0.68527
53.4	-0.71684
53.5	-0.54593
53.6	-0.45013
53.7	-0.1184
53.8	-0.80365
53.9	-0.81554
54	-0.68766
54.1	-0.29401
54.2	-0.76956
54.3	-0.37908
54.4	-0.88578
54.5	-0.92932
54.6	-0.13596
54.7	-0.42908
54.8	-0.52407
54.9	-0.69959
55	-0.88861
55.1	-0.36312
55.2	-0.38326
55.3	-1.2581
55.4	-1.0819
55.5	-0.85353
55.6	-0.30446
55.7	-0.63895
55.8	-0.37049
55.9	-0.94237
56	-0.63244
56.1	-0.9683
56.2	-1.3506
56.3	-0.70182
56.4	-0.78848
56.5	-1.0347
56.6	-0.977
56.7	-1.0517
56.8	-0.66739
56.9	-1.1414
57	-0.65715
57.1	-0.92766
57.2	-0.91641
57.3	-1.1139
57.4	-1.1071
57.5	-1.0631
57.6	-1.1421
57.7	-1.0831
57.8	-1.0687
57.9	-1.3368
58	-1.4091
58.1	-1.8288
58.2	-0.73093
58.3	-1.1915
58.4	-0.83709
58.5	-1.0259
58.6	-0.66043
58.7	-0.80203
58.8	-0.47594
58.9	-0.85224
59	-0.76578
59.1	-1.0448
59.2	-1.2092
59.3	-1.4555
59.4	-1.3531
59.5	-0.41678
59.6	-1.3377
59.7	-0.79775
59.8	-0.93391
59.9	-0.7505
60	-1.0273
60.1	-1.045
60.2	-0.77655
60.3	-1.0631
60.4	-0.89808
60.5	-0.54787
60.6	-0.78947
60.7	-1.1558
60.8	-1.0623
60.9	-0.55642
61	-1.5186
61.1	-0.88956
61.2	-0.52268
61.3	-0.98487
61.4	-0.93013
61.5	-0.70131
61.6	-0.30011
61.7	-0.70705
61.8	-1.1644
61.9	-0.99397
62	-1.2023
62.1	-0.99407
62.2	-1.7297
62.3	-1.3005
62.4	-0.83113
62.5	-0.85604
62.6	-1.399
62.7	-0.84628
62.8	-0.93976
62.9	-0.68649
63	-0.93987
63.1	-1.2824
63.2	-1.2683
63.3	-1.3701
63.4	-0.92681
63.5	-0.74407
63.6	-1.1247
63.7	-1.0933
63.8	-1.1599
63.9	-1.6544
64	-1.3721
64.1	-1.1169
64.2	-0.8926
64.3	-1.2425
64.4	-1.352
64.5	-1.318
64.6	-0.7454
64.7	-0.8994
64.8	-0.93763
64.9	-0.74457
65	-0.71936
65.1	-1.1621
65.2	-1.489
65.3	-1.407
65.4	-0.69696
65.5	-0.82337
65.6	-1.38
65.7	-1.0836
65.8	-0.97549
65.9	-0.91789
66	-0.96858
66.1	-1.1964
66.2	-0.61275
66.3	-1.0904
66.4	-1.2218
66.5	-1.5219
66.6	-1.3125
66.7	-0.09915
66.8	-1.1015
66.9	-0.47332
67	-1.0706
67.1	-0.60369
67.2	-1.0844
67.3	-1.1151
67.4	-0.79109
67.5	-0.84514
67.6	-0.68015
67.7	-1.0352
67.8	-0.71159
67.9	-1.0842
68	-0.62201
68.1	-0.6654
68.2	-0.7703
68.3	-1.1713
68.4	-1.344
68.5	-1.0237
68.6	-0.80095
68.7	-1.2937
68.8	-0.67315
68.9	-0.33769
69	-0.95684
69.1	-0.85344
69.2	-1.1127
69.3	-0.81556
69.4	-1.0565
69.5	-0.47565
69.6	-0.54854
69.7	-0.70336
69.8	-0.85155
69.9	-0.27125
70	-1.4013
70.1	-0.64163
70.2	-0.53914
70.3	-0.72021
70.4	-0.33027
70.5	-0.95501
70.6	-0.69492
70.7	-0.29662
70.8	-0.96765
70.9	-0.31377
71	-1.2146
71.1	-0.74588
71.2	-0.24137
71.3	-0.49718
71.4	-0.65641
71.5	-0.56993
71.6	-0.91154
71.7	-1.0809
71.8	-1.2501
71.9	-0.43472
72	-1.1847
72.1	-0.48209
72.2	-1.1357
72.3	-0.4335
72.4	-0.49359
72.5	-0.51816
72.6	-0.67408
72.7	-0.17442
72.8	-0.28982
72.9	-0.90532
73	-0.68239
73.1	-0.39299
73.2	-0.62271
73.3	-0.17793
73.4	-0.86943
73.5	-0.32557
73.6	-0.25679
73.7	-0.36174
73.8	-0.38226
73.9	-0.85452
74	0.060626
74.1	-0.47153
74.2	-0.80033
74.3	-0.7083
74.4	-0.83597
74.5	-0.67353
74.6	-0.20053
74.7	-0.47369
74.8	-0.30816
74.9	-0.11353
75	-0.5468
75.1	-0.11005
75.2	-0.38355
75.3	-0.40728
75.4	-0.20978
75.5	-0.3515
75.6	-0.46346
75.7	0.22988
75.8	-0.25603
75.9	-0.2544
76	-0.37248
76.1	-0.68234
76.2	0.14362
76.3	-0.51091
76.4	-0.17828
76.5	-0.18561
76.6	0.15159
76.7	-0.25887
76.8	-0.41862
76.9	-0.3329
77	-0.11222
77.1	-0.20068
77.2	-0.57505
77.3	0.18652
77.4	-0.25742
77.5	0.65286
77.6	-0.098327
77.7	-0.16022
77.8	-0.048204
77.9	0.0024442
78	0.11032
78.1	0.74409
78.2	-0.61687
78.3	-0.32766
78.4	-0.21919
78.5	0.088418
78.6	-0.10668
78.7	0.18474
78.8	-0.39112
78.9	0.38248
79	0.12548
79.1	0.15494
79.2	-0.30302
79.3	-0.10268
79.4	0.13517
79.5	-0.13377
79.6	0.35052
79.7	-0.074853
79.8	-0.11091
79.9	0.27577
80	-0.1232
80.1	0.44631
80.2	-0.28889
80.3	-0.044687
80.4	0.79527
80.5	-0.060027
80.6	0.064606
80.7	0.29768
80.8	0.33094
80.9	1.1124
81	0.66347
81.1	0.10113
81.2	0.4622
81.3	0.69894
81.4	0.26736
81.5	-0.43669
81.6	0.20915
81.7	-0.07894
81.8	0.49569
81.9	0.29721
82	0.65386
82.1	0.044136
82.2	0.70394
82.3	0.018567
82.4	0.8304
82.5	0.43965
82.6	0.75289
82.7	-0.024054
82.8	0.67229
82.9	0.24405
83	-0.030223
83.1	0.81897
83.2	0.57257
83.3	0.41084
83.4	0.53557
83.5	0.33068
83.6	0.076214
83.7	-0.14014
83.8	-0.012808
83.9	0.36987
84	0.72093
84.1	0.49632
84.2	0.57657
84.3	0.40833
84.4	0.64685
84.5	0.8056
84.6	0.34604
84.7	0.19756
84.8	0.74901
84.9	0.40073
85	-0.062281
85.1	0.68389
85.2	0.79728
85.3	0.83666
85.4	0.74468
85.5	0.61737
85.6	0.68583
85.7	1.237
85.8	0.67778
85.9	0.56588
86	1.0963
86.1	1.0332
86.2	1.2057
86.3	0.99007
86.4	0.87513
86.5	1.1316
86.6	0.6718
86.7	0.64123
86.8	0.49356
86.9	1.2622
87	1.4532
87.1	1.0604
87.2	0.58488
87.3	0.40725
87.4	0.50403
87.5	0.79804
87.6	0.40116
87.7	0.32789
87.8	0.34696
87.9	0.94014
88	0.1991
88.1	0.96448
88.2	0.94959
88.3	0.51149
88.4	0.55003
88.5	0.66565
88.6	0.65341
88.7	1.1041
88.8	0.8122
88.9	0.60492
89	1.0167
89.1	1.1644
89.2	0.35754
89.3	1.2413
89.4	0.57584
89.5	0.30594
89.6	0.91638
89.7	1.2376
89.8	1.2699
89.9	0.78902
90	1.118
90.1	0.878
90.2	0.8616
90.3	1.2682
90.4	0.99849
90.5	1.2191
90.6	1.0812
90.7	0.74428
90.8	1.1064
90.9	0.89819
91	0.58019
91.1	1.0122
91.2	0.95169
91.3	0.79961
91.4	0.99519
91.5	0.70824
91.6	1.5359
91.7	0.48912
91.8	0.50808
91.9	1.2879
92	0.74461
92.1	0.78516
92.2	0.78769
92.3	1.2502
92.4	1.0186
92.5	1.1339
92.6	0.42845
92.7	0.45345
92.8	1.0552
92.9	0.42679
93	1.5623
93.1	1.0895
93.2	1.3865
93.3	0.46382
93.4	1.1561
93.5	1.1443
93.6	1.3414
93.7	0.89409
93.8	0.58856
93.9	0.78401
94	0.84182
94.1	0.90278
94.2	0.93604
94.3	1.0762
94.4	1.6307
94.5	0.74876
94.6	0.79907
94.7	1.5251
94.8	1.7386
94.9	0.77801
95	0.42296
95.1	1.1451
95.2	0.7842
95.3	0.97128
95.4	0.96341
95.5	1.0889
95.6	0.59835
95.7	1.0606
95.8	0.86275
95.9	0.53943
96	0.94211
96.1	0.6691
96.2	1.8402
96.3	0.99408
96.4	0.94735
96.5	0.90571
96.6	0.93714
96.7	1.3352
96.8	0.55163
96.9	0.73468
97	1.2663
97.1	1.1006
97.2	0.89882
97.3	1.3598
97.4	0.92076
97.5	1.2323
97.6	0.94339
97.7	1.478
97.8	1.1862
97.9	1.1295
98	0.67367
98.1	0.7946
98.2	1.0383
98.3	1.0057
98.4	0.48706
98.5	0.99399
98.6	1.0129
98.7	0.37259
98.8	0.55279
98.9	1.3321
99	0.72593
99.1	0.54512
99.2	0.77176
99.3	1.2496
99.4	0.99883
99.5	0.19009
99.6	0.69479
99.7	0.37766
99.8	0.66644
99.9	0.27447
100	1.0397
100.1	1.142
100.2	1.0816
100.3	1.1223
100.4	1.19
100.5	0.56643
100.6	0.65224
100.7	0.38317
100.8	0.20307
100.9	0.50617
101	0.38664
101.1	0.79031
101.2	0.65544
101.3	0.8923
101.4	0.47483
101.5	0.85029
101.6	0.8003
101.7	0.243
101.8	0.14043
101.9	0.02113
102	0.51776
102.1	0.73235
102.2	0.85355
102.3	0.39455
102.4	0.55826
102.5	-0.0028667
102.6	1.2057
102.7	0.4274
102.8	0.76853
102.9	0.16753
103	0.49306
103.1	0.92102
103.2	0.26179
103.3	0.76714
103.4	0.25527
103.5	0.79583
103.6	0.74172
103.7	0.54849
103.8	1.1157
103.9	0.087189
104	0.7218
104.1	1.0869
104.2	0.63755
104.3	0.74832
104.4	0.47171
104.5	0.78338
104.6	-0.028598
104.7	0.1622
104.8	0.16601
104.9	0.14073
105	1.1936
105.1	0.98586
105.2	0.27195
105.3	0.58147
105.4	-0.056138
105.5	0.21919
105.6	0.33424
105.7	0.50447
105.8	0.76488
105.9	0.5797
106	0.3794
106.1	0.74883
106.2	0.31159
106.3	0.55397
106.4	0.95841
106.5	-0.012265
106.6	0.24511
106.7	0.026007
106.8	-0.16023
106.9	0.59788
107	0.15284
107.1	-0.2288
107.2	-0.035122
107.3	0.55811
107.4	0.44684
107.5	0.27691
107.6	-0.24215
107.7	0.067543
107.8	-0.074785
107.9	0.60575
108	-0.0043998
108.1	0.43986
108.2	0.68331
108.3	0.56599
108.4	0.34149
108.5	-0.24182
108.6	0.83238
108.7	-0.27123
108.8	-0.090552
108.9	0.10047
109	0.31943
109.1	0.1675
109.2	-0.16542
109.3	-0.23287
109.4	-0.39499
109.5	-0.068812
109.6	-0.050815
109.7	-0.016556
109.8	-0.098764
109.9	0.15658
110	-0.046576
110.1	-0.19042
110.2	-0.10749
110.3	0.45747
110.4	-0.024896
110.5	0.264
110.6	-0.17844
110.7	-0.28476
110.8	0.33364
110.9	0.089298
111	-0.28524
111.1	0.29857
111.2	-0.19502
111.3	-0.15393
111.4	-0.15905
111.5	-0.20035
111.6	-0.078624
111.7	-0.60278
111.8	-0.018654
111.9	-0.93026
112	-0.20813
112.1	-0.54994
112.2	-0.085399
112.3	-0.53528
112.4	0.018402
112.5	-0.46248
112.6	-0.54417
112.7	-0.18928
112.8	-0.3899
112.9	-0.44811
113	-0.4662
113.1	-0.055105
113.2	-0.46656
113.3	-0.36217
113.4	-0.51644
113.5	-0.40002
113.6	-0.59289
113.7	-0.21099
113.8	-0.29564
113.9	-0.13009
114	-0.31748
114.1	-0.30458
114.2	-0.35459
114.3	0.043327
114.4	-0.46803
114.5	-0.54685
114.6	-0.36392
114.7	-0.57698
114.8	-0.86293
114.9	-0.65312
115	-0.65055
115.1	-0.35122
115.2	-0.34102
115.3	-0.57182
115.4	-0.44805
115.5	-0.79374
115.6	-0.56437
115.7	-0.635
115.8	-0.34397
115.9	-0.30085
116	-0.73297
116.1	-1.1555
116.2	-0.56641
116.3	-0.24204
116.4	-0.2664
116.5	-0.42055
116.6	-0.31891
116.7	-0.90382
116.8	-1.0093
116.9	-0.50218
117	-0.69383
117.1	-1.0109
117.2	-0.45095
117.3	-0.25609
117.4	-0.59932
117.5	-0.60083
117.6	-0.65488
117.7	-0.91156
117.8	-0.70029
117.9	-0.45685
118	-1.0633
118.1	-0.44122
118.2	-0.35732
118.3	-0.7668
118.4	-0.78206
118.5	-0.34293
118.6	-0.61857
118.7	-0.63382
118.8	-0.81848
118.9	-1.0247
119	-0.92147
119.1	-0.66693
119.2	-1.0736
119.3	-0.81348
119.4	-1.031
119.5	-1.2183
119.6	-0.33272
119.7	-0.56652
119.8	-0.89483
119.9	-0.49428
120	-0.81893
120.1	-0.70752
120.2	-0.72562
120.3	-0.76893
120.4	-0.86069
120.5	-0.87291
120.6	-1.0915
120.7	-0.5258
120.8	-0.97345
120.9	-0.9012
121	-1.2152
121.1	-0.88826
121.2	-0.45195
121.3	-1.2401
121.4	-0.69412
121.5	-1.354
121.6	-0.75775
121.7	-0.46105
121.8	-0.88906
121.9	-1.2765
122	-0.41797
122.1	-1.2522
122.2	-1.1425
122.3	-0.81253
122.4	-0.83469
122.5	-0.97339
122.6	-0.87751
122.7	-0.82518
122.8	-1.0099
122.9	-0.88234
123	-1.0759
123.1	-1.1234
123.2	-1.1231
123.3	-0.94851
123.4	-1.2775
123.5	-1.1862
123.6	-1.0149
123.7	-0.87349
123.8	-1.044
123.9	-0.98522
124	-1.1751
124.1	-1.4442
124.2	-1.1704
124.3	-1.1684
124.4	-0.56293
124.5	-0.68594
124.6	-0.84144
124.7	-0.62853
124.8	-0.97167
124.9	-1.1678
125	-0.7403
125.1	-1.2019
125.2	-1.2331
125.3	-0.83662
125.4	-1.1742
125.5	-1.3125
125.6	-1.2361
125.7	-1.1912
125.8	-1.4113
125.9	-1.2224
126	-0.84133
126.1	-0.34956
126.2	-1.1747
126.3	-0.81839
126.4	-0.46327
126.5	-1.0013
126.6	-1.1095
126.7	-0.93165
126.8	-0.93119
126.9	-1.2391
127	-0.95698
127.1	-1.1675
127.2	-1.3174
127.3	-0.95109
127.4	-0.71524
127.5	-0.80386
127.6	-0.98079
127.7	-0.76851
127.8	-0.65352
127.9	-1.0173
128	-1.0712
128.1	-0.75697
128.2	-0.97052
128.3	-0.40486
128.4	-1.3516
128.5	-1.4081
128.6	-1.276
128.7	-0.91262
128.8	-0.96865
128.9	-1.0195
129	-0.66405
129.1	-0.98728
129.2	-0.78327
129.3	-0.44638
129.4	-0.58356
129.5	-1.0736
129.6	-0.25758
129.7	-0.62805
129.8	-0.84618
129.9	-1.231
130	-0.39658
130.1	-0.93668
130.2	-0.93302
130.3	-0.88562
130.4	-0.82211
130.5	-0.22147
130.6	-0.47486
130.7	-0.89994
130.8	-0.39413
130.9	-0.97152
131	-1.181
131.1	-0.99253
131.2	-1.0327
131.3	-0.88273
131.4	-0.86054
131.5	-0.58661
131.6	-1.0404
131.7	-0.52321
131.8	-0.90948
131.9	-0.65822
132	-0.25428
132.1	-0.75914
132.2	-0.64342
132.3	-0.99593
132.4	-0.71196
132.5	-1.0119
132.6	-0.82042
132.7	-0.97479
132.8	-0.72887
132.9	-1.0137
133	-0.48561
133.1	-0.65688
133.2	-1.114
133.3	-1.3102
133.4	-1.1668
133.5	-0.98848
133.6	-0.7046
133.7	-0.5791
133.8	-1.0499
133.9	-1.2174
134	-0.82168
134.1	-1.1775
134.2	-0.72915
134.3	-0.99662
134.4	-0.50864
134.5	-0.82606
134.6	-0.60667
134.7	-0.90825
134.8	-0.090387
134.9	-0.57716
135	-0.67799
135.1	-0.98482
135.2	-0.47668
135.3	-0.89888
135.4	-0.91261
135.5	-0.76621
135.6	-0.74522
135.7	-0.72388
135.8	-0.030603
135.9	-0.32583
136	-0.10483
136.1	-1.3068
136.2	-0.5774
136.3	-0.53066
136.4	-0.57379
136.5	0.026443
136.6	-0.61448
136.7	-0.69344
136.8	-0.34601
136.9	-0.80593
137	0.064804
137.1	-0.11133
137.2	0.29403
137.3	-0.22973
137.4	-0.32544
137.5	-0.0059854
137.6	-0.32771
137.7	-0.36481
137.8	-0.63281
137.9	-0.57249
138	-0.34193
138.1	-0.12279
138.2	-0.018352
138.3	-0.49885
138.4	-0.4346
138.5	-0.54847
138.6	-0.64819
138.7	-0.17628
138.8	-0.34388
138.9	0.15614
139	-0.36431
139.1	0.036983
139.2	-0.36897
139.3	-0.070204
139.4	0.17324
139.5	-0.24177
139.6	-0.11093
139.7	-0.95635
139.8	-0.29795
139.9	-0.086663
140	-0.10364
140.1	0.37184
140.2	-0.014726
140.3	-0.10746
140.4	0.059616
140.5	-0.47486
140.6	-0.21744
140.7	0.081858
140.8	-0.12702
140.9	-0.76529
141	0.17977
141.1	-0.43769
141.2	-0.39598
141.3	0.12052
141.4	-0.070061
141.5	-0.22098
141.6	-0.45106
141.7	-0.15387
141.8	-0.61336
141.9	0.15923
142	0.040194
142.1	-0.31894
142.2	0.02352
142.3	0.97382
142.4	0.16962
142.5	0.23213
142.6	0.60558
142.7	0.24829
142.8	0.14526
142.9	0.17399
143	0.25787
143.1	0.49323
143.2	0.27207
143.3	0.5433
143.4	0.16862
143.5	0.4594
143.6	0.065045
143.7	0.48664
143.8	-0.11208
143.9	0.11383
144	0.10798
144.1	0.81057
144.2	-0.024747
144.3	-0.083421
144.4	0.3782
144.5	-0.05457
144.6	0.0022328
144.7	0.46732
144.8	0.42103
144.9	0.74792
145	0.4691
145.1	0.79488
145.2	0.61343
145.3	0.87138
145.4	0.43076
145.5	-0.22422
145.6	0.21621
145.7	0.34392
145.8	0.48557
145.9	0.29725
146	0.60571
146.1	0.52881
146.2	1.0482
146.3	0.090007
146.4	0.48415
146.5	0.38161
146.6	0.87939
146.7	0.66939
146.8	0.75861
146.9	0.49166
147	0.80745
147.1	0.9994
147.2	0.34268
147.3	0.28797
147.4	0.5881
147.5	0.36865
147.6	0.95261
147.7	0.50906
147.8	0.26839
147.9	0.6318
148	0.37963
148.1	0.18414
148.2	0.75005
148.3	0.46943
148.4	0.75983
148.5	1.0051
148.6	0.64777
148.7	0.47846
148.8	0.77579
148.9	0.94837
149	0.81654
149.1	0.686
149.2	0.68425
149.3	0.40795
149.4	0.6792
149.5	0.714
149.6	0.91391
149.7	0.97452
149.8	0.81092
149.9	0.51021
150	0.34411
150.1	0.79341
150.2	0.70833
150.3	0.82411
150.4	0.078459
150.5	0.97728
150.6	0.8905
150.7	0.77608
150.8	0.69015
150.9	0.99346
151	0.88687
151.1	0.61153
151.2	0.83559
151.3	0.55108
151.4	0.6095
151.5	1.307
151.6	0.29308
151.7	0.49247
151.8	1.6589
151.9	0.89731
152	0.99261
152.1	1.2858
152.2	0.30095
152.3	1.4161
152.4	1.2106
152.5	0.58292
152.6	0.81972
152.7	1.0367
152.8	0.65008
152.9	0.72191
153	0.76215
153.1	0.87731
153.2	0.73042
153.3	1.1093
153.4	0.96129
153.5	1.351
153.6	0.71362
153.7	1.2337
153.8	1.1084
153.9	1.1428
154	0.9256
154.1	0.93113
154.2	0.55829
154.3	1.3136
154.4	0.90727
154.5	1.0856
154.6	1.1928
154.7	0.89663
154.8	1.0237
154.9	0.84575
155	1.3297
155.1	0.70771
155.2	1.3728
155.3	1.2966
155.4	1.4285
155.5	1.0736
155.6	1.4229
155.7	0.9725
155.8	0.94428
155.9	0.8656
156	1.1306
156.1	0.87076
156.2	0.97857
156.3	0.92102
156.4	0.93373
156.5	0.36019
156.6	0.92819
156.7	0.48682
156.8	1.0963
156.9	1.2218
157	0.79075
157.1	1.2075
157.2	1.1283
157.3	1.0035
157.4	1.5263
157.5	1.2306
157.6	0.98931
157.7	1.2085
157.8	1.1924
157.9	1.5019
158	0.57883
158.1	1.2135
158.2	1.0549
158.3	0.72132
158.4	0.49377
158.5	0.72265
158.6	0.95973
158.7	1.1095
158.8	1.1874
158.9	0.88827
159	0.91225
159.1	1.1822
159.2	1.227
159.3	1.3361
159.4	0.40377
159.5	0.60862
159.6	1.0542
159.7	1.2812
159.8	0.6945
159.9	0.87347
160	0.82089
160.1	0.93454
160.2	0.81587
160.3	1.1758
160.4	0.48032
160.5	1.5485
160.6	0.52956
160.7	1.2378
160.8	1.2788
160.9	0.87794
161	0.97811
161.1	0.78561
161.2	1.1518
161.3	1.0084
161.4	0.9774
161.5	1.1618
161.6	0.87409
161.7	1.2556
161.8	0.88365
161.9	1.0941
162	0.90438
162.1	1.0311
162.2	0.92609
162.3	1.0435
162.4	0.73589
162.5	1.2162
162.6	0.75016
162.7	0.95649
162.8	0.50006
162.9	1.2495
163	1.0836
163.1	0.73423
163.2	0.55258
163.3	0.69938
163.4	0.92143
163.5	0.92959
163.6	0.99739
163.7	0.62331
163.8	0.79505
163.9	0.726
164	0.58518
164.1	1.0146
164.2	0.86508
164.3	0.64857
164.4	0.62416
164.5	0.72865
164.6	0.52173
164.7	0.45524
164.8	0.69542
164.9	0.59119
165	0.61493
165.1	0.82945
165.2	1.2143
165.3	0.436
165.4	1.2348
165.5	0.70631
165.6	0.45552
165.7	0.84573
165.8	0.76092
165.9	0.47312
166	0.6658
166.1	0.18993
166.2	-0.1562
166.3	0.69544
166.4	0.27123
166.5	0.77858
166.6	0.7609
166.7	0.87732
166.8	0.75744
166.9	0.78676
167	0.46364
167.1	1.2108
167.2	0.61047
167.3	0.64151
167.4	0.90891
167.5	0.19145
167.6	1.4053
167.7	0.12226
167.8	0.90643
167.9	0.87018
168	0.26039
168.1	-0.13967
168.2	0.16868
168.3	0.48186
168.4	0.56424
168.5	0.51048
168.6	0.26539
168.7	0.37998
168.8	0.92525
168.9	0.5079
169	0.3065
169.1	0.3661
169.2	0.63822
169.3	0.24647
169.4	0.58334
169.5	0.081943
169.6	0.10011
169.7	0.06367
169.8	-0.25055
169.9	0.71348
170	0.64695
170.1	0.060064
170.2	0.41406
170.3	0.65261
170.4	-0.020058
170.5	-0.066716
170.6	0.092709
170.7	0.50013
170.8	0.28332
170.9	0.13963
171	0.50824
171.1	-0.161
171.2	-0.15649
171.3	0.15386
171.4	0.25016
171.5	0.22254
171.6	-0.16475
171.7	-0.014191
171.8	0.022268
171.9	0.14552
172	0.12434
172.1	0.13462
172.2	-0.16509
172.3	0.21735
172.4	0.35366
172.5	-0.030883
172.6	-0.084546
172.7	0.16021
172.8	-0.24933
172.9	0.51033
173	-0.25751
173.1	-0.02453
173.2	-0.27625
173.3	-0.18596
173.4	-0.10799
173.5	0.23552
173.6	-0.20418
173.7	-0.10076
173.8	-0.14935
173.9	0.24899
174	-0.72411
174.1	0.038568
174.2	-0.11743
174.3	-0.58804
174.4	-0.15188
174.5	-0.19241
174.6	-0.18842
174.7	-0.0051155
174.8	-0.19539
174.9	-0.0024724
175	0.29628
175.1	-0.020541
175.2	-0.27517
175.3	-0.46094
175.4	0.29427
175.5	-0.38245
175.6	0.037154
175.7	-0.030536
175.8	-0.093912
175.9	-0.18927
176	-0.48634
176.1	-0.094413
176.2	-0.36914
176.3	-0.33815
176.4	-0.36316
176.5	-0.49857
176.6	-0.72939
176.7	-0.50689
176.8	-0.019248
176.9	0.20153
177	-0.42089
177.1	-0.22806
177.2	-0.29708
177.3	-0.93236
177.4	-0.3886
177.5	-0.72755
177.6	-0.94036
177.7	-0.68208
177.8	0.02388
177.9	-0.46189
178	-0.82027
178.1	-0.29175
178.2	-0.36769
178.3	-0.61658
178.4	-0.36444
178.5	-0.62598
178.6	-0.93144
178.7	-0.93476
178.8	-0.60665
178.9	-0.86139
179	-0.7393
179.1	-0.57424
179.2	-0.55475
179.3	-1.0758
179.4	-0.52014
179.5	-0.64989
179.6	-0.43649
179.7	-0.38089
179.8	-1.0402
179.9	-0.46233
180	-0.61304
180.1	-0.27747
180.2	-0.61868
180.3	-0.90418
180.4	-1.3037
180.5	-1.0027
180.6	-1.0665
180.7	-0.66482
180.8	-1.1222
180.9	-1.1448
181	-0.68943
181.1	-0.16696
181.2	-1.0058
181.3	-1.231
181.4	-1.4547
181.5	-1.0308
181.6	-0.60918
181.7	-0.82978
181.8	-0.77758
181.9	-0.58684
182	-0.35708
182.1	-1.3807
182.2	-0.93756
182.3	-1.0333
182.4	-1.0239
182.5	-1.5977
182.6	-1.223
182.7	-0.47636
182.8	-0.63603
182.9	-0.82015
183	-0.63873
183.1	-1.2697
183.2	-0.90982
183.3	-0.97982
183.4	-0.64815
183.5	-0.43337
183.6	-1.1447
183.7	-0.56157
183.8	-0.87485
183.9	-0.5125
184	-0.60503
184.1	-1.1848
184.2	-0.33463
184.3	-1.345
184.4	-0.85284
184.5	-0.44667
184.6	-1.3766
184.7	-1.0291
184.8	-1.0486
184.9	-0.88807
185	-0.76455
185.1	-1.0283
185.2	-0.81462
185.3	-0.29686
185.4	-0.48613
185.5	-0.4363
185.6	-0.79424
185.7	-1.1682
185.8	-0.85257
185.9	-0.76278
186	-0.65887
186.1	-0.74408
186.2	-1.1541
186.3	-1.3634
186.4	-1.3864
186.5	-1.1445
186.6	-0.83007
186.7	-0.51964
186.8	-1.014
186.9	-0.71028
187	-1.3564
187.1	-0.5887
187.2	-0.96853
187.3	-0.61997
187.4	-0.80288
187.5	-1.1888
187.6	-1.2881
187.7	-1.6892
187.8	-1.032
187.9	-1.043
188	-1.1173
188.1	-0.72483
188.2	-1.0032
188.3	-0.79311
188.4	-0.77167
