0	-0.9187
0.1	-1.2657
0.2	-0.8276
0.3	-1.1273
0.4	-1.4342
0.5	-0.70656
0.6	-0.26437
0.7	-1.2372
0.8	-0.99196
0.9	-0.62625
1	-1.6345
1.1	-1.5712
1.2	-1.0668
1.3	-0.67726
1.4	0.02608
1.5	-0.025054
1.6	-0.68226
1.7	-0.79326
1.8	-1.1555
1.9	-1.5167
2	-1.0094
2.1	-0.92455
2.2	-0.94654
2.3	-0.47654
2.4	-0.93792
2.5	-0.48838
2.6	-0.73536
2.7	-0.72148
2.8	-1.3826
2.9	-0.72001
3	-0.75825
3.1	-1.162
3.2	-0.83442
3.3	-0.80987
3.4	-0.77732
3.5	-0.72254
3.6	-0.58495
3.7	-0.90813
3.8	-0.76581
3.9	-0.92169
4	-0.62527
4.1	-1.0963
4.2	-0.59718
4.3	-1.2736
4.4	-0.63943
4.5	-0.94199
4.6	-0.80349
4.7	-0.99431
4.8	-0.92504
4.9	-0.78739
5	-0.61718
5.1	-0.60708
5.2	-0.76223
5.3	-0.48649
5.4	-0.74548
5.5	-0.48649
5.6	-0.27799
5.7	-1.1956
5.8	-1.1749
5.9	-0.45617
6	-0.8708
6.1	-0.6765
6.2	-0.34438
6.3	-0.99962
6.4	-1.0939
6.5	-0.76895
6.6	-0.73347
6.7	-0.62696
6.8	-0.62617
6.9	-1.1989
7	-0.82586
7.1	-0.83056
7.2	-1.4547
7.3	-1.1397
7.4	-0.50688
7.5	-1.0619
7.6	-0.65201
7.7	-1.2456
7.8	-0.62251
7.9	-0.43939
8	-0.35416
8.1	-0.82008
8.2	-0.97628
8.3	-0.4396
8.4	-0.6809
8.5	-0.64273
8.6	-0.28376
8.7	-0.096943
8.8	-0.89969
8.9	-0.77621
9	-0.59614
9.1	-0.41238
9.2	-0.20316
9.3	-0.42752
9.4	-0.71835
9.5	-0.28097
9.6	-0.39907
9.7	-0.61391
9.8	-0.3789
9.9	-0.48817
10	0.0067523
10.1	-0.60711
10.2	-0.14327
10.3	-0.15892
10.4	-0.66614
10.5	-0.29348
10.6	-0.21934
10.7	0.011063
10.8	-0.86031
10.9	-0.70434
11	-0.40533
11.1	-1.1545
11.2	-0.89363
11.3	-0.96916
11.4	-0.20766
11.5	-0.59756
11.6	0.50128
11.7	-0.14669
11.8	-0.1365
11.9	-0.41963
12	-0.45617
12.1	-0.10858
12.2	0.010345
12.3	0.10355
12.4	0.087782
12.5	0.012455
12.6	-0.31325
12.7	-0.30412
12.8	-0.55046
12.9	-0.31745
13	-0.14973
13.1	-0.67522
13.2	-0.37069
13.3	-0.36076
13.4	-0.20063
13.5	-0.31709
13.6	-0.30617
13.7	-0.59209
13.8	-0.53727
13.9	-0.56816
14	-0.077457
14.1	-0.030392
14.2	-0.71213
14.3	-0.47738
14.4	-0.24121
14.5	0.04246
14.6	-0.047838
14.7	0.15754
14.8	-0.49648
14.9	-0.27753
15	-0.47605
15.1	-0.033878
15.2	-0.29519
15.3	0.1879
15.4	-0.53761
15.5	0.00341
15.6	-0.65949
15.7	-0.27354
15.8	-0.0144
15.9	0.13865
16	0.12884
16.1	-0.48817
16.2	0.19095
16.3	0.29901
16.4	-0.17037
16.5	0.38394
16.6	-0.079619
16.7	-0.1553
16.8	0.16509
16.9	0.31597
17	0.26755
17.1	0.22808
17.2	0.32612
17.3	0.065383
17.4	0.37429
17.5	0.36492
17.6	-0.27997
17.7	0.024166
17.8	0.4909
17.9	0.10898
18	0.042412
18.1	0.15986
18.2	0.52512
18.3	-0.12062
18.4	0.50022
18.5	0.51558
18.6	0.43816
18.7	0.099425
18.8	-0.034413
18.9	0.58695
19	0.44635
19.1	0.36939
19.2	0.39642
19.3	0.47389
19.4	0.47062
19.5	0.72931
19.6	0.57826
19.7	0.41493
19.8	0.69162
19.9	0.97603
20	0.4918
20.1	0.72181
20.2	0.10692
20.3	0.78798
20.4	0.28191
20.5	0.35999
20.6	0.67516
20.7	0.35657
20.8	-0.1664
20.9	-0.099373
21	0.089295
21.1	0.67732
21.2	0.37258
21.3	0.43084
21.4	0.21632
21.5	1.1108
21.6	0.48316
21.7	0.32201
21.8	0.64976
21.9	0.10885
22	0.43184
22.1	0.62625
22.2	1.2315
22.3	0.70211
22.4	0.71439
22.5	0.86175
22.6	0.94781
22.7	0.48298
22.8	0.7583
22.9	0.15035
23	0.80865
23.1	0.33404
23.2	0.63245
23.3	0.75018
23.4	0.44189
23.5	1.0857
23.6	0.55514
23.7	0.52722
23.8	0.92719
23.9	1.1262
24	0.79063
24.1	0.42832
24.2	1.0633
24.3	0.53105
24.4	0.15621
24.5	0.47209
24.6	1.2391
24.7	1.4007
24.8	0.85369
24.9	0.82285
25	0.2671
25.1	0.26812
25.2	1.0379
25.3	0.74382
25.4	0.59029
25.5	0.67338
25.6	0.69376
25.7	0.80382
25.8	0.51855
25.9	0.9144
26	0.94038
26.1	1.1096
26.2	0.71634
26.3	1.3486
26.4	0.77738
26.5	1.0426
26.6	0.74904
26.7	1.403
26.8	0.75232
26.9	1.1782
27	0.79715
27.1	1.1918
27.2	1.2398
27.3	0.86856
27.4	0.82024
27.5	0.75568
27.6	0.87083
27.7	0.80198
27.8	0.37125
27.9	0.85741
28	1.0296
28.1	0.7197
28.2	0.75553
28.3	0.76979
28.4	0.94288
28.5	0.71226
28.6	0.58715
28.7	1.4263
28.8	0.79876
28.9	1.131
29	0.61938
29.1	1.5662
29.2	0.97833
29.3	1.3272
29.4	1.2111
29.5	0.97921
29.6	1.078
29.7	0.79869
29.8	1.0209
29.9	1.2453
30	0.82934
30.1	0.8204
30.2	0.93116
30.3	1.2219
30.4	0.69931
30.5	0.68049
30.6	0.90941
30.7	0.91799
30.8	1.2051
30.9	1.3219
31	0.67918
31.1	0.42812
31.2	0.52853
31.3	0.64045
31.4	0.61318
31.5	0.97371
31.6	0.87605
31.7	1.4811
31.8	1.2207
31.9	0.99101
32	0.62667
32.1	1.0448
32.2	1.1008
32.3	1.1295
32.4	0.88488
32.5	0.69363
32.6	1.4634
32.7	0.82689
32.8	1.0035
32.9	1.1971
33	0.99539
33.1	0.75559
33.2	1.4748
33.3	0.14634
33.4	1.1215
33.5	1.4301
33.6	0.93607
33.7	0.94009
33.8	0.78647
33.9	1.6989
34	1.4535
34.1	0.95418
34.2	0.88524
34.3	0.71311
34.4	1.417
34.5	0.47087
34.6	0.68987
34.7	0.81505
34.8	0.61641
34.9	0.57369
35	1.1487
35.1	0.91194
35.2	0.78336
35.3	0.84853
35.4	0.88958
35.5	0.63309
35.6	0.85035
35.7	0.65153
35.8	1.148
35.9	1.0479
36	0.7926
36.1	0.99164
36.2	0.63221
36.3	0.69989
36.4	0.69199
36.5	0.93564
36.6	0.88464
36.7	0.25522
36.8	0.56444
36.9	0.70696
37	0.78352
37.1	0.68873
37.2	1.0337
37.3	1.2206
37.4	1.1284
37.5	0.93664
37.6	1.1396
37.7	1.1638
37.8	0.96949
37.9	1.3957
38	0.71511
38.1	0.88922
38.2	0.64204
38.3	0.58155
38.4	0.47191
38.5	0.53095
38.6	0.36779
38.7	0.65586
38.8	0.52737
38.9	1.1999
39	0.88431
39.1	0.13874
39.2	1.0626
39.3	0.54472
39.4	0.22447
39.5	0.85
39.6	1.0509
39.7	0.76356
39.8	0.78983
39.9	0.42169
40	0.6088
40.1	0.61655
40.2	0.56907
40.3	0.85061
40.4	0.39096
40.5	0.51831
40.6	0.47283
40.7	0.72361
40.8	0.9688
40.9	1.1159
41	1.2023
41.1	0.26524
41.2	0.33901
41.3	1.1327
41.4	0.65425
41.5	0.36737
41.6	0.94508
41.7	0.050067
41.8	0.3684
41.9	0.21763
42	0.82594
42.1	1.0686
42.2	0.6953
42.3	0.91303
42.4	0.92407
42.5	0.65507
42.6	0.28456
42.7	0.70047
42.8	0.51806
42.9	0.073948
43	0.23324
43.1	0.84037
43.2	0.036639
43.3	0.47028
43.4	0.13544
43.5	0.52251
43.6	0.049868
43.7	-0.041252
43.8	0.39282
43.9	0.051002
44	0.7001
44.1	0.45414
44.2	0.18587
44.3	0.17468
44.4	-0.33044
44.5	0.25623
44.6	0.90486
44.7	0.33235
44.8	-0.077005
44.9	0.32098
45	0.42942
45.1	-0.19584
45.2	0.34924
45.3	0.60983
45.4	0.23998
45.5	0.071518
45.6	-0.15249
45.7	0.16295
45.8	-0.17127
45.9	0.022466
46	-0.012798
46.1	0.088019
46.2	0.23191
46.3	-0.044092
46.4	0.093215
46.5	-0.45179
46.6	0.35307
46.7	-0.25504
46.8	-0.051831
46.9	0.073348
47	0.28086
47.1	-0.23792
47.2	0.00043576
47.3	-0.19394
47.4	-0.35372
47.5	-0.048503
47.6	-0.09876
47.7	-0.069794
47.8	-0.3767
47.9	-0.23187
48	0.012445
48.1	0.1109
48.2	-0.18853
48.3	0.47969
48.4	-0.43218
48.5	-0.53937
48.6	0.34335
48.7	-0.43519
48.8	-0.22355
48.9	-0.47412
49	-0.53855
49.1	-0.42837
49.2	-0.25499
49.3	-0.35022
49.4	0.034512
49.5	-0.36093
49.6	0.13565
49.7	-0.50149
49.8	-0.73229
49.9	-0.18559
50	0.11243
50.1	-0.36307
50.2	0.067828
50.3	-0.38533
50.4	-0.51159
50.5	-0.70276
50.6	-0.019436
50.7	-0.73878
50.8	-0.45726
50.9	-0.60249
51	-0.60994
51.1	-0.47232
51.2	-0.35342
51.3	-0.33477
51.4	-0.66803
51.5	-0.32154
51.6	-0.27832
51.7	-0.48388
51.8	-0.51893
51.9	-0.82242
52	-0.37541
52.1	0.016519
52.2	-0.26135
52.3	-0.5293
52.4	-0.33053
52.5	-0.45656
52.6	-0.34879
52.7	-0.49218
52.8	-0.53475
52.9	-0.069075
53	-0.51742
53.1	-0.37114
53.2	-0.3375
53.3	-0.181
53.4	-0.63391
53.5	-0.40673
53.6	-0.5836
53.7	-0.75611
53.8	-0.64979
53.9	-0.44563
54	-0.85884
54.1	-0.16741
54.2	-0.084878
54.3	-0.8763
54.4	-0.76916
54.5	-0.53404
54.6	-0.55903
54.7	-0.27169
54.8	-0.71584
54.9	-0.22331
55	-0.95917
55.1	-0.69159
55.2	-0.62559
55.3	-1.0196
55.4	-0.71856
55.5	-0.8226
55.6	-0.49239
55.7	-0.59258
55.8	-0.20666
55.9	-0.47039
56	-0.7447
56.1	-1.3574
56.2	-0.82736
56.3	-1.0247
56.4	-0.083204
56.5	-0.78297
56.6	-0.69934
56.7	-0.69915
56.8	-0.85728
56.9	-1.3779
57	-0.20728
57.1	-0.73245
57.2	-1.0839
57.3	-0.91905
57.4	-0.37792
57.5	-0.81463
57.6	-0.81265
57.7	-0.9725
57.8	-1.3335
57.9	-1.0937
58	-1.1455
58.1	-0.86868
58.2	-0.84795
58.3	-0.95371
58.4	-0.68409
58.5	-1.0119
58.6	-0.84146
58.7	-1.1762
58.8	-1.2146
58.9	-1.0118
59	-0.68014
59.1	-0.87293
59.2	-0.84546
59.3	-1.1513
59.4	-1.148
59.5	-0.77315
59.6	-0.81466
59.7	-1.3491
59.8	-1.4044
59.9	-0.65254
60	-0.96843
60.1	-1.0111
60.2	-0.85192
60.3	-1.0003
60.4	-0.90673
60.5	-0.83252
60.6	-1.46
60.7	-0.97294
60.8	-0.99076
60.9	-0.86025
61	-0.89169
61.1	-1.358
61.2	-0.94716
61.3	-1.2881
61.4	-1.096
61.5	-0.95947
61.6	-0.70579
61.7	-0.85416
61.8	-0.91467
61.9	-1.4226
62	-0.96322
62.1	-0.64547
62.2	-1.6327
62.3	-0.85994
62.4	-1.737
62.5	-1.0909
62.6	-0.88026
62.7	-1.5116
62.8	-0.77217
62.9	-0.93901
63	-0.71225
63.1	-0.85359
63.2	-1.1331
63.3	-0.9012
63.4	-1.0044
63.5	-1.5643
63.6	-0.89554
63.7	-0.89489
63.8	-0.86802
63.9	-0.96044
64	-1.0287
64.1	-1.7979
64.2	-0.52615
64.3	-1.2666
64.4	-1.2039
64.5	-0.73607
64.6	-1.1544
64.7	-1.2823
64.8	-0.78831
64.9	-1.0549
65	-1.3131
65.1	-0.48001
65.2	-1.0641
65.3	-1.2019
65.4	-1.3735
65.5	-1.0624
65.6	-0.49597
65.7	-0.77071
65.8	-1.2645
65.9	-1.0139
66	-0.69191
66.1	-0.47962
66.2	-0.98272
66.3	-1.1858
66.4	-0.85046
66.5	-1.2729
66.6	-0.66545
66.7	-1.2094
66.8	-1.1088
66.9	-1.5157
67	-1.2
67.1	-0.8329
67.2	-0.54664
67.3	-0.56914
67.4	-1.3813
67.5	-1
67.6	-0.89105
67.7	-0.88821
67.8	-0.81398
67.9	-0.82024
68	-1.0256
68.1	-0.93629
68.2	-1.0672
68.3	-1.0597
68.4	-0.56916
68.5	-1.2062
68.6	-0.94644
68.7	-1.1874
68.8	-0.63373
68.9	-1.1481
69	-1.3253
69.1	-1.197
69.2	-0.64031
69.3	-0.1574
69.4	-0.965
69.5	-0.53824
69.6	-0.29564
69.7	-0.40849
69.8	-0.28272
69.9	-0.94042
70	-0.44188
70.1	-0.82062
70.2	-1.1861
70.3	-0.84071
70.4	-0.62067
70.5	-0.16965
70.6	-0.44384
70.7	-0.63041
70.8	-0.40378
70.9	-0.84617
71	-1.0777
71.1	-0.88342
71.2	-1.0255
71.3	-0.36766
71.4	-0.69545
71.5	-1.0043
71.6	-0.7018
71.7	-0.88557
71.8	-0.71839
71.9	-0.18897
72	-0.16091
72.1	-0.8236
72.2	-0.70467
72.3	-0.45704
72.4	-0.54189
72.5	-0.72125
72.6	-0.25296
72.7	-0.97711
72.8	0.22102
72.9	-0.64194
73	-0.40568
73.1	-0.72941
73.2	-0.81516
73.3	-0.16014
73.4	-0.48008
73.5	-0.41364
73.6	-0.43642
73.7	-0.25642
73.8	0.06541
73.9	-0.2479
74	-0.23229
74.1	-0.057848
74.2	-0.15089
74.3	-0.75642
74.4	-0.48151
74.5	-0.88064
74.6	-0.20938
74.7	0.19613
74.8	0.1087
74.9	-0.079689
75	-0.62801
75.1	-0.55839
75.2	-0.27387
75.3	-0.35789
75.4	-0.04847
75.5	0.094996
75.6	-0.3651
75.7	-0.30171
75.8	0.057996
75.9	-0.11414
76	-0.75531
76.1	-0.48503
76.2	-0.45752
76.3	-0.61989
76.4	-0.2668
76.5	-0.16315
76.6	0.22538
76.7	0.028919
76.8	0.17575
76.9	-0.38935
77	-0.056796
77.1	0.34723
77.2	-0.32792
77.3	0.078315
77.4	0.26833
77.5	-0.41574
77.6	0.052542
77.7	-0.35591
77.8	-0.21633
77.9	-0.26376
78	-0.20456
78.1	-0.13663
78.2	-0.28505
78.3	-0.21248
78.4	0.13629
78.5	0.49709
78.6	-0.4565
78.7	-0.065585
78.8	0.12851
78.9	0.18132
79	0.33181
79.1	0.095394
79.2	-0.4566
79.3	0.27627
79.4	0.35536
79.5	-0.068924
79.6	0.01057
79.7	-0.05905
79.8	0.076422
79.9	-0.14494
80	0.50193
80.1	-0.20845
80.2	0.050903
80.3	0.57191
80.4	0.30055
80.5	0.086219
80.6	0.076651
80.7	0.33048
80.8	0.49493
80.9	0.44917
81	0.76437
81.1	-0.049419
81.2	0.20888
81.3	-0.33544
81.4	0.40482
81.5	0.51201
81.6	0.32585
81.7	-0.19517
81.8	-0.29824
81.9	0.87601
82	-0.035585
82.1	0.62944
82.2	0.30643
82.3	0.34371
82.4	0.19339
82.5	0.55641
82.6	0.3478
82.7	0.08357
82.8	0.31949
82.9	0.4172
83	0.39168
83.1	0.57378
83.2	0.56985
83.3	-0.29601
83.4	0.23056
83.5	0.44172
83.6	0.62694
83.7	0.6989
83.8	0.66403
83.9	0.39658
84	0.95221
84.1	0.28502
84.2	0.094906
84.3	0.67232
84.4	0.84231
84.5	0.85248
84.6	0.72629
84.7	0.84022
84.8	0.63334
84.9	1.0637
85	1.0078
85.1	0.63772
85.2	0.85262
85.3	0.9587
85.4	1.0834
85.5	0.60145
85.6	1.0261
85.7	0.98437
85.8	0.95646
85.9	1.0314
86	0.64654
86.1	0.87188
86.2	1.0206
86.3	0.56783
86.4	0.32331
86.5	0.91221
86.6	0.78184
86.7	0.86343
86.8	0.73132
86.9	0.48804
87	0.89346
87.1	1.0352
87.2	0.84927
87.3	0.70418
87.4	0.76235
87.5	0.71244
87.6	0.37272
87.7	0.8727
87.8	1.1179
87.9	0.82277
88	0.64171
88.1	1.0157
88.2	1.1854
88.3	0.96472
88.4	0.98191
88.5	0.9058
88.6	0.67231
88.7	0.8897
88.8	1.1938
88.9	0.84358
89	1.0773
89.1	0.85224
89.2	1.0524
89.3	0.69419
89.4	0.52769
89.5	0.15879
89.6	1.1135
89.7	1.0024
89.8	1.1211
89.9	1.0783
90	0.37786
90.1	0.94622
90.2	1.4996
90.3	1.2023
90.4	0.88163
90.5	0.79013
90.6	0.82462
90.7	1.0152
90.8	0.99676
90.9	0.67611
91	0.81139
91.1	0.86596
91.2	1.2829
91.3	1.2622
91.4	1.0505
91.5	0.58421
91.6	1.0372
91.7	1.2028
91.8	0.91229
91.9	0.58046
92	0.74516
92.1	1.2118
92.2	0.95851
92.3	1.0961
92.4	1.0764
92.5	1.2104
92.6	1.2736
92.7	1.1205
92.8	1.1555
92.9	1.1011
93	0.64882
93.1	1.2717
93.2	1.3088
93.3	1.0942
93.4	0.92451
93.5	0.82685
93.6	0.52852
93.7	1.0074
93.8	1.1812
93.9	1.2875
94	0.96203
94.1	0.85512
94.2	1.5161
94.3	1.5135
94.4	1.7175
94.5	0.71851
94.6	0.61423
94.7	1.0478
94.8	1.1152
94.9	1.2034
95	0.84963
95.1	0.93673
95.2	0.90298
95.3	0.40317
95.4	0.74673
95.5	1.0124
95.6	0.86618
95.7	1.242
95.8	1.166
95.9	1.0761
96	1.1708
96.1	1.5993
96.2	0.90546
96.3	1.7781
96.4	1.5343
96.5	1.3542
96.6	0.38181
96.7	0.80061
96.8	0.57244
96.9	1.0257
97	0.64484
97.1	0.82761
97.2	1.4001
97.3	0.5853
97.4	0.39672
97.5	0.7233
97.6	0.86744
97.7	1.1462
97.8	0.97303
97.9	0.82834
98	1.0008
98.1	0.58525
98.2	1.0132
98.3	1.23
98.4	0.90895
98.5	1.2666
98.6	0.80699
98.7	1.2085
98.8	0.49437
98.9	0.9073
99	1.0601
99.1	0.57016
99.2	0.4369
99.3	0.69771
99.4	0.79248
99.5	1.2723
99.6	0.55846
99.7	1.1683
99.8	0.77199
99.9	0.65871
100	0.73377
100.1	1.4744
100.2	0.64323
100.3	1.2766
100.4	0.84231
100.5	0.66005
100.6	1.0167
100.7	0.83487
100.8	0.7672
100.9	0.9314
101	0.63778
101.1	1.4094
101.2	0.79762
101.3	1.0035
101.4	1.06
101.5	0.46833
101.6	1.1834
101.7	1.0304
101.8	0.50411
101.9	0.81585
102	0.43997
102.1	1.0763
102.2	0.69215
102.3	0.96587
102.4	0.70348
102.5	0.7588
102.6	0.52275
102.7	0.52582
102.8	0.59965
102.9	1.3762
103	0.90199
103.1	0.80165
103.2	0.79026
103.3	1.337
103.4	0.74681
103.5	0.79818
103.6	0.4096
103.7	0.57996
103.8	0.26601
103.9	0.73299
104	0.36016
104.1	0.96212
104.2	0.83797
104.3	0.51602
104.4	0.42007
104.5	0.10658
104.6	0.76553
104.7	0.75916
104.8	0.46317
104.9	1.1155
105	0.65379
105.1	0.64731
105.2	0.46479
105.3	0.67953
105.4	0.21713
105.5	0.40208
105.6	0.12336
105.7	0.043465
105.8	-0.14758
105.9	0.87147
106	-0.22422
106.1	1.0827
106.2	0.59602
106.3	-0.27691
106.4	0.32102
106.5	0.60418
106.6	0.1228
106.7	0.55857
106.8	-0.00096171
106.9	0.3303
107	0.74841
107.1	0.39398
107.2	0.6438
107.3	0.28212
107.4	0.048709
107.5	0.39718
107.6	0.24951
107.7	0.8627
107.8	-0.031972
107.9	0.23383
108	-0.24419
108.1	0.67261
108.2	0.3728
108.3	0.58995
108.4	0.078978
108.5	0.28019
108.6	0.52557
108.7	0.037249
108.8	0.28608
108.9	-0.31633
109	0.0074881
109.1	0.049606
109.2	-0.13451
109.3	-0.40758
109.4	0.14182
109.5	0.11762
109.6	0.2223
109.7	0.31613
109.8	-0.24679
109.9	0.08426
110	0.039079
110.1	0.34484
110.2	0.253
110.3	-0.26957
110.4	-0.58893
110.5	-0.29795
110.6	0.2323
110.7	-0.076572
110.8	-0.14544
110.9	-0.30331
111	-0.29174
111.1	0.024785
111.2	0.10333
111.3	0.017899
111.4	-0.089919
111.5	0.19689
111.6	-0.21781
111.7	-0.17843
111.8	-0.47724
111.9	-0.13302
112	-0.24725
112.1	-0.51875
112.2	-0.055972
112.3	-0.15129
112.4	0.37644
112.5	-0.096671
112.6	-0.10601
112.7	-0.32392
112.8	-0.60833
112.9	-0.64609
113	-0.19824
113.1	0.15086
113.2	-0.20543
113.3	-0.042258
113.4	-0.4847
113.5	-0.25298
113.6	-0.43555
113.7	-0.60339
113.8	-0.1518
113.9	-0.46844
114	-1.3586
114.1	0.17777
114.2	-0.50142
114.3	-0.306
114.4	-0.56626
114.5	-0.39201
114.6	-0.52629
114.7	-0.47526
114.8	-0.59617
114.9	-0.80563
115	-0.62094
115.1	-0.40378
115.2	-0.55915
115.3	-0.030045
115.4	0.41071
115.5	-0.75319
115.6	-0.79664
115.7	-0.85925
115.8	-0.8444
115.9	-0.59367
116	-0.46466
116.1	-0.53003
116.2	-0.97668
116.3	-0.135
116.4	-0.31315
116.5	-0.90456
116.6	-0.68776
116.7	-0.77019
116.8	-0.65058
116.9	-0.83192
117	-0.86219
117.1	-0.60076
117.2	-0.75348
117.3	-0.67081
117.4	-0.78301
117.5	-0.72833
117.6	-0.6279
117.7	-0.89555
117.8	-0.29074
117.9	-0.53192
118	-1.5471
118.1	-0.92614
118.2	-0.54098
118.3	-0.46019
118.4	-1.1755
118.5	-0.22429
118.6	-0.77265
118.7	-1.218
118.8	-0.90104
118.9	-0.97464
119	-0.31493
119.1	-1.4495
119.2	-1.0404
119.3	-0.6882
119.4	-0.58728
119.5	-1.3034
119.6	-0.41131
119.7	-1.25
119.8	-1.0976
119.9	-0.94241
120	-0.591
120.1	-0.68396
120.2	-0.85289
120.3	-0.59637
120.4	-1.0277
120.5	-0.39795
120.6	-0.84693
120.7	-1.4318
120.8	-1.1553
120.9	-1.1844
121	-1.2322
121.1	-0.69942
121.2	-1.2644
121.3	-0.90635
121.4	-0.94693
121.5	-1.1466
121.6	-0.88592
121.7	-1.1333
121.8	-0.37189
121.9	-1.383
122	-0.8541
122.1	-1.0871
122.2	-1.0035
122.3	-1.4631
122.4	-0.69472
122.5	-0.88554
122.6	-0.62476
122.7	-0.77007
122.8	-1.1979
122.9	-1.3286
123	-1.118
123.1	-0.81146
123.2	-1.3013
123.3	-1.0457
123.4	-1.6302
123.5	-1.272
123.6	-0.83675
123.7	-0.73584
123.8	-0.56541
123.9	-0.85852
124	-0.87782
124.1	-1.2813
124.2	-1.583
124.3	-0.69236
124.4	-0.83062
124.5	-0.85958
124.6	-0.79808
124.7	-1.1268
124.8	-0.65948
124.9	-0.70913
125	-1.0844
125.1	-1.1832
125.2	-1.0141
125.3	-0.79858
125.4	-0.65469
125.5	-0.70303
125.6	-1.5678
125.7	-0.91161
125.8	-1.9206
125.9	-1.4794
126	-1.2533
126.1	-0.98579
126.2	-1.0159
126.3	-1.0348
126.4	-0.68615
126.5	-0.96133
126.6	-0.73112
126.7	-1.0175
126.8	-1.2679
126.9	-1.3483
127	-0.63116
127.1	-1.1145
127.2	-0.84304
127.3	-0.9886
127.4	-1.1421
127.5	-0.84503
127.6	-1.234
127.7	-0.70325
127.8	-0.59374
127.9	-0.42899
128	-0.77006
128.1	-0.68982
128.2	-0.73153
128.3	-1.2679
128.4	-0.9974
128.5	-0.8343
128.6	-1.3001
128.7	-1.0213
128.8	-1.3761
128.9	-1.0268
129	-0.87645
129.1	-0.8407
129.2	-0.73309
129.3	-0.64039
129.4	-0.99567
129.5	-0.63895
129.6	-0.61304
129.7	-0.96671
129.8	-0.88244
129.9	-0.63878
130	-0.92727
130.1	-1.1212
130.2	-1.0514
130.3	-1.0875
130.4	-1.2151
130.5	-0.51544
130.6	-1.5061
130.7	-0.90348
130.8	-0.83208
130.9	-0.80412
131	-0.92501
131.1	-1.3139
131.2	-1.0139
131.3	-1.1537
131.4	-0.63367
131.5	-0.95245
131.6	-0.68622
131.7	-0.84232
131.8	-0.98528
131.9	-1.0324
132	-1.2219
132.1	-1.0397
132.2	-0.97725
132.3	-0.82083
132.4	-0.65729
132.5	-0.70626
132.6	-0.51182
132.7	-0.74804
132.8	-0.44899
132.9	-0.80401
133	-0.82979
133.1	-0.49146
133.2	-0.63251
133.3	-0.68082
133.4	-0.85068
133.5	-0.75427
133.6	-0.96496
133.7	-0.75191
133.8	-0.6284
133.9	-0.2011
134	-0.80478
134.1	-0.79135
134.2	-0.58951
134.3	-0.60576
134.4	-0.63914
134.5	-0.60207
134.6	-1.2414
134.7	-0.22455
134.8	-0.42546
134.9	-0.72871
135	-0.79131
135.1	-0.7939
135.2	-1.0825
135.3	-0.64499
135.4	-0.2043
135.5	-1.0231
135.6	-1.0692
135.7	-0.54447
135.8	-0.93324
135.9	-0.60643
136	-0.73708
136.1	-0.37357
136.2	-0.62379
136.3	-0.44915
136.4	-0.35077
136.5	-0.34667
136.6	-0.31415
136.7	-0.53836
136.8	-1.1823
136.9	-0.35675
137	-0.70213
137.1	-0.25474
137.2	-0.80307
137.3	-0.088802
137.4	-0.65719
137.5	-0.57431
137.6	-0.24884
137.7	0.34462
137.8	-0.63321
137.9	0.19662
138	-0.18368
138.1	-0.58924
138.2	-0.082614
138.3	-0.23581
138.4	-0.43379
138.5	-0.41437
138.6	-0.88905
138.7	-0.31224
138.8	-0.095117
138.9	-0.1653
139	-0.33453
139.1	0.094304
139.2	-0.33438
139.3	-0.020934
139.4	-0.54322
139.5	-0.24399
139.6	-0.090353
139.7	0.049976
139.8	-0.14491
139.9	-0.043693
140	0.24009
140.1	0.24643
140.2	-0.28584
140.3	-0.036577
140.4	0.36719
140.5	-0.036962
140.6	-0.06764
140.7	0.35854
140.8	0.21048
140.9	-0.24427
141	-0.036019
141.1	-0.36439
141.2	-0.091775
141.3	0.26243
141.4	-0.3836
141.5	0.31932
141.6	-0.092444
141.7	-0.1764
141.8	-0.17751
141.9	-0.58611
142	0.034516
142.1	-0.27285
142.2	-0.42101
142.3	0.091203
142.4	-0.073597
142.5	-0.0071869
142.6	0.15979
142.7	0.18176
142.8	0.037322
142.9	0.066653
143	0.042767
143.1	0.09506
143.2	-0.098826
143.3	-0.2006
143.4	-0.13614
143.5	0.36959
143.6	0.22263
143.7	0.50069
143.8	0.59445
143.9	0.021037
144	-0.057185
144.1	-0.28873
144.2	0.21574
144.3	0.49606
144.4	0.74769
144.5	0.33058
144.6	0.17782
144.7	0.39281
144.8	0.08962
144.9	0.37274
145	0.33067
145.1	-0.0072828
145.2	0.27262
145.3	0.52157
145.4	0.81943
145.5	0.56629
145.6	0.9931
145.7	0.21136
145.8	0.48403
145.9	0.38745
146	0.49074
146.1	0.13252
146.2	0.43327
146.3	0.37852
146.4	0.36993
146.5	0.38137
146.6	0.42185
146.7	0.51063
146.8	0.90533
146.9	0.41138
147	0.53198
147.1	0.047933
147.2	0.60621
147.3	0.58294
147.4	0.37288
147.5	0.68625
147.6	0.49734
147.7	0.50999
147.8	0.26069
147.9	0.87063
148	0.33867
148.1	0.65554
148.2	0.66667
148.3	0.85425
148.4	0.86811
148.5	0.2474
148.6	1.0487
148.7	0.841
148.8	0.39151
148.9	0.3868
149	0.56813
149.1	0.53742
149.2	0.99494
149.3	1.0179
149.4	0.78272
149.5	1.0341
149.6	0.76602
149.7	1.1378
149.8	1.1121
149.9	0.37252
150	1.0106
150.1	0.87654
150.2	0.70661
150.3	1.0311
150.4	0.65006
150.5	0.62149
150.6	0.96725
150.7	0.77153
150.8	0.8379
150.9	1.1592
151	0.67215
151.1	0.899
151.2	1.0624
151.3	0.488
151.4	0.87387
151.5	0.79745
151.6	0.99077
151.7	0.93737
151.8	0.87257
151.9	0.62241
152	1.1507
152.1	1.3264
152.2	1.031
152.3	1.1415
152.4	0.90696
152.5	0.77863
152.6	0.95552
152.7	0.43981
152.8	1.4076
152.9	1.1931
153	0.3681
153.1	0.52801
153.2	1.0983
153.3	0.88112
153.4	0.92393
153.5	0.45597
153.6	0.97772
153.7	0.9976
153.8	1.1372
153.9	0.50807
154	1.259
154.1	0.63745
154.2	0.97699
154.3	1.4156
154.4	1.3632
154.5	1.0834
154.6	1.288
154.7	0.62605
154.8	1.2213
154.9	1.2504
155	0.6697
155.1	1.0222
155.2	1.8399
155.3	1.2727
155.4	1.3594
155.5	1.1697
155.6	0.64172
155.7	0.42083
155.8	0.96777
155.9	0.68832
156	0.56082
156.1	0.95362
156.2	1.1257
156.3	1.6729
156.4	0.85982
156.5	1.0255
156.6	1.7813
156.7	0.68813
156.8	1.0755
156.9	0.91986
157	1.3952
157.1	1.0335
157.2	1.3814
157.3	1.1233
157.4	1.2269
157.5	0.49742
157.6	0.7786
157.7	0.60111
157.8	0.54394
157.9	1.2701
158	1.3089
158.1	0.95369
158.2	0.69661
158.3	1.3059
158.4	1.5387
158.5	1.201
158.6	0.74182
158.7	0.85211
158.8	1.1962
158.9	1.0021
159	1.2895
159.1	0.68509
159.2	1.4385
159.3	0.88909
159.4	0.75981
159.5	0.61837
159.6	1.2251
159.7	0.86501
159.8	0.88097
159.9	0.8473
160	0.64574
160.1	0.74221
160.2	0.91595
160.3	1.5994
160.4	0.83239
160.5	1.1817
160.6	0.65606
160.7	1.1971
160.8	1.2004
160.9	1.1426
161	1.0356
161.1	0.37271
161.2	0.87383
161.3	1.0927
161.4	0.36533
161.5	0.77821
161.6	1.2588
161.7	0.90528
161.8	1.2975
161.9	0.78455
162	1.253
162.1	0.92454
162.2	1.0752
162.3	0.43429
162.4	0.41792
162.5	1.0032
162.6	0.74385
162.7	0.29862
162.8	0.70488
162.9	0.72868
163	0.57337
163.1	0.45014
163.2	0.88501
163.3	0.91338
163.4	0.56608
163.5	1.198
163.6	0.64863
163.7	0.19453
163.8	0.78943
163.9	1.0204
164	0.20069
164.1	1.3268
164.2	0.66983
164.3	0.5036
164.4	0.82893
164.5	0.57524
164.6	1.0152
164.7	1.1218
164.8	0.84771
164.9	0.70783
165	0.1914
165.1	0.46611
165.2	0.69457
165.3	0.081265
165.4	0.35719
165.5	0.7108
165.6	0.28888
165.7	0.41952
165.8	0.73365
165.9	0.69241
166	0.6634
166.1	1.3523
166.2	0.81332
166.3	0.40034
166.4	0.61076
166.5	0.93629
166.6	1.1226
166.7	0.77724
166.8	0.33021
166.9	0.76099
167	0.71749
167.1	0.69617
167.2	0.51403
167.3	0.45627
167.4	0.54216
167.5	0.32481
167.6	0.67412
167.7	0.47189
167.8	0.87783
167.9	0.69322
168	0.52858
168.1	0.85123
168.2	0.70333
168.3	0.53586
168.4	0.15164
168.5	0.81552
168.6	0.36873
168.7	0.29199
168.8	0.39732
168.9	0.69954
169	0.40534
169.1	0.019482
169.2	0.26686
169.3	0.099869
169.4	0.25078
169.5	-0.052528
169.6	0.42012
169.7	0.20044
169.8	0.029178
169.9	0.11039
170	0.6563
170.1	-0.092987
170.2	0.4017
170.3	0.29689
170.4	-0.12159
170.5	0.23879
170.6	-0.060584
170.7	0.45801
170.8	0.36284
170.9	0.15253
171	-0.11895
171.1	0.011997
171.2	0.0086536
171.3	0.25183
171.4	0.51219
171.5	0.35601
171.6	-0.015052
171.7	-0.45635
171.8	-0.12217
171.9	0.19444
172	-0.23966
172.1	0.067156
172.2	0.50051
172.3	0.53638
172.4	0.091495
172.5	0.5597
172.6	0.18971
172.7	0.22144
172.8	0.16573
172.9	-0.15915
173	0.037567
173.1	0.12409
173.2	0.31443
173.3	-0.82262
173.4	-0.3174
173.5	0.34482
173.6	0.11443
173.7	-0.025772
173.8	0.055708
173.9	0.24397
174	-0.40453
174.1	-0.007554
174.2	-0.70505
174.3	-0.11104
174.4	-0.13169
174.5	0.20759
174.6	-0.40067
174.7	-0.026448
174.8	0.086857
174.9	-0.42168
175	-0.12595
175.1	-0.21456
175.2	-0.29105
175.3	-0.39808
175.4	-0.45697
175.5	-0.61832
175.6	-0.41654
175.7	-0.56615
175.8	-0.31055
175.9	0.16327
176	-0.40462
176.1	-0.033725
176.2	-0.18826
176.3	0.061086
176.4	-0.35538
176.5	-0.3926
176.6	-0.41746
176.7	-0.74658
176.8	0.21919
176.9	-0.82784
177	-0.44609
177.1	-0.52794
177.2	-0.40497
177.3	-0.86543
177.4	-0.21149
177.5	-0.46695
177.6	-0.53157
177.7	-0.045193
177.8	-0.27811
177.9	0.026378
178	-0.10361
178.1	-0.67075
178.2	-0.59196
178.3	-0.14959
178.4	-0.65738
178.5	-0.56323
178.6	-0.68375
178.7	-0.43219
178.8	-0.24309
178.9	-0.75656
179	-0.7326
179.1	-0.30403
179.2	-0.085129
179.3	-0.32045
179.4	-1.026
179.5	-0.64248
179.6	-0.5354
179.7	-0.61564
179.8	-0.80385
179.9	-1.1795
180	-0.29823
180.1	-0.34932
180.2	-0.45822
180.3	-0.79588
180.4	-1.0842
180.5	-0.52196
180.6	-0.96254
180.7	-0.78315
180.8	-0.34331
180.9	-0.43668
181	-0.83073
181.1	-0.6289
181.2	-0.94431
181.3	-0.98736
181.4	-0.81808
181.5	-1.1512
181.6	-0.20503
181.7	-0.62669
181.8	-1.0128
181.9	-0.79236
182	-0.50821
182.1	-0.85449
182.2	-0.87725
182.3	-0.5808
182.4	-0.37694
182.5	-0.56496
182.6	-0.79045
182.7	-0.67755
182.8	-0.83517
182.9	-0.98198
183	-1.0503
183.1	-1.0935
183.2	-1.1171
183.3	-0.86478
183.4	-1.3495
183.5	-0.91621
183.6	-1.3365
183.7	-0.96772
183.8	-1.1678
183.9	-0.8525
184	-0.6087
184.1	-1.4089
184.2	-1.1337
184.3	-1.138
184.4	-1.0555
184.5	-0.97938
184.6	-1.2038
184.7	-1.0057
184.8	-0.63451
184.9	-0.89284
185	-1.0892
185.1	-0.85127
185.2	-0.78302
185.3	-1.4824
185.4	-1.0049
185.5	-0.35945
185.6	-0.94116
185.7	-0.90874
185.8	-0.491
185.9	-1.328
186	-0.7131
186.1	-1.0636
186.2	-0.89936
186.3	-0.7952
186.4	-1.0404
186.5	-1.171
186.6	-0.78948
186.7	-1.0208
186.8	-0.95305
186.9	-0.80836
187	-0.71845
187.1	-1.0647
187.2	-1.2836
187.3	-0.86502
187.4	-0.60083
187.5	-1.181
187.6	-0.84616
187.7	-0.57255
187.8	-1.0194
187.9	-0.89906
188	-1.0319
188.1	-1.2766
188.2	-1.2398
188.3	-1.369
188.4	-1.0504
