0	-0.48185
0.1	-1.3033
0.2	-0.74512
0.3	-1.2296
0.4	-1.1194
0.5	-0.61774
0.6	-0.85474
0.7	-0.86472
0.8	-0.65053
0.9	-1.1724
1	-1.045
1.1	-0.87505
1.2	-0.92515
1.3	-0.71646
1.4	-1.5181
1.5	-1.261
1.6	-1.3656
1.7	-1.4496
1.8	-0.80743
1.9	-1.1148
2	-1.297
2.1	-1.038
2.2	-1.4975
2.3	-1.3407
2.4	-0.87762
2.5	-1.488
2.6	-0.51526
2.7	-1.3582
2.8	-0.97758
2.9	-1.1757
3	-1.0063
3.1	-0.82875
3.2	-0.58223
3.3	-0.58146
3.4	-1.0706
3.5	-0.99323
3.6	-0.86259
3.7	-0.43448
3.8	-0.65882
3.9	-1.4166
4	-1.1411
4.1	-1.2547
4.2	-1.1952
4.3	-0.69405
4.4	-1.0456
4.5	-0.42044
4.6	-0.7383
4.7	-0.79521
4.8	-0.25842
4.9	-0.99937
5	-0.76694
5.1	-0.68907
5.2	-1.0608
5.3	-0.80678
5.4	-1.2831
5.5	-0.54246
5.6	-0.27778
5.7	-0.7495
5.8	-1.493
5.9	-0.26649
6	-1.2093
6.1	-1.2005
6.2	-1.0723
6.3	-0.88874
6.4	-1.2186
6.5	0.11861
6.6	-1.0696
6.7	-0.51845
6.8	-0.57216
6.9	-1.0252
7	-1.0409
7.1	-0.25378
7.2	-0.53431
7.3	-1.0755
7.4	-0.82247
7.5	-0.76554
7.6	-0.53351
7.7	-0.42482
7.8	-0.41003
7.9	-0.41132
8	-0.60739
8.1	-0.18473
8.2	-0.93462
8.3	-0.050322
8.4	-0.46372
8.5	-0.2224
8.6	-0.71882
8.7	-0.87696
8.8	-0.47557
8.9	-0.48644
9	-0.4746
9.1	-0.552
9.2	-0.40175
9.3	-0.44784
9.4	-0.82068
9.5	-0.99174
9.6	-0.43597
9.7	-0.51359
9.8	-0.40836
9.9	-0.99385
10	-0.73431
10.1	-0.4719
10.2	-0.11991
10.3	-0.87416
10.4	-0.46689
10.5	-0.43177
10.6	-0.40318
10.7	-0.72331
10.8	-0.71635
10.9	-0.62703
11	-0.43298
11.1	-0.29867
11.2	0.18479
11.3	-0.90619
11.4	-0.12024
11.5	-0.095507
11.6	-0.42958
11.7	-0.67448
11.8	-0.48491
11.9	-0.47254
12	-0.18891
12.1	-0.27979
12.2	-0.12876
12.3	-0.35823
12.4	-0.14906
12.5	-0.34459
12.6	0.23194
12.7	-0.50774
12.8	-0.066828
12.9	0.39953
13	-0.44189
13.1	-0.23667
13.2	-0.017414
13.3	-0.21136
13.4	0.057452
13.5	-0.13016
13.6	0.20088
13.7	-0.26433
13.8	-0.70812
13.9	0.056985
14	-0.27803
14.1	-0.14596
14.2	0.039115
14.3	-0.72223
14.4	-0.23821
14.5	0.055743
14.6	-0.79476
14.7	-0.43569
14.8	-0.33562
14.9	-0.22631
15	0.12877
15.1	-0.45925
15.2	-0.088622
15.3	0.14909
15.4	0.1102
15.5	-0.0017401
15.6	0.15608
15.7	0.47188
15.8	0.046893
15.9	0.50688
16	0.56914
16.1	-0.10522
16.2	-0.068577
16.3	0.24139
16.4	-0.15632
16.5	-0.41749
16.6	0.17061
16.7	0.22967
16.8	0.16815
16.9	-0.16968
17	0.011184
17.1	0.44785
17.2	0.20265
17.3	0.10055
17.4	-0.0038203
17.5	0.069292
17.6	0.197
17.7	0.28912
17.8	-0.0029496
17.9	-0.081283
18	0.24035
18.1	0.28584
18.2	0.25688
18.3	0.071585
18.4	-0.23203
18.5	0.22407
18.6	0.54491
18.7	0.83798
18.8	0.45931
18.9	0.41463
19	0.46213
19.1	0.36515
19.2	0.098409
19.3	0.16866
19.4	0.016514
19.5	0.32646
19.6	0.43466
19.7	0.64085
19.8	0.2753
19.9	0.11944
20	0.51419
20.1	-0.0056935
20.2	0.12136
20.3	-0.038338
20.4	0.46988
20.5	0.5592
20.6	0.16734
20.7	0.40865
20.8	0.68186
20.9	0.56599
21	0.42142
21.1	0.5324
21.2	0.47083
21.3	0.14567
21.4	0.69103
21.5	0.78016
21.6	0.63161
21.7	0.66943
21.8	0.69077
21.9	0.68311
22	0.45215
22.1	0.71668
22.2	0.75313
22.3	1.0256
22.4	0.11313
22.5	0.1686
22.6	0.83261
22.7	0.98345
22.8	0.74609
22.9	0.29955
23	0.49457
23.1	0.97781
23.2	1.0507
23.3	0.90066
23.4	0.25397
23.5	0.83849
23.6	0.12685
23.7	0.78466
23.8	0.68766
23.9	0.95817
24	0.69903
24.1	0.43338
24.2	0.66054
24.3	0.72053
24.4	0.31477
24.5	0.8626
24.6	0.51193
24.7	1.1172
24.8	0.93491
24.9	0.64526
25	0.46669
25.1	0.30246
25.2	1.0813
25.3	1.2138
25.4	0.90447
25.5	0.65308
25.6	0.97848
25.7	0.85718
25.8	0.92842
25.9	1.3694
26	0.79594
26.1	0.89719
26.2	0.51468
26.3	0.65532
26.4	1.1851
26.5	0.71675
26.6	0.33272
26.7	1.0596
26.8	1.0683
26.9	1.0552
27	1.1523
27.1	0.70772
27.2	1.0198
27.3	0.84072
27.4	1.0518
27.5	0.66166
27.6	1.0081
27.7	0.8696
27.8	1.518
27.9	0.90346
28	1.0686
28.1	1.0835
28.2	0.79821
28.3	1.3071
28.4	1.0772
28.5	1.2662
28.6	0.75738
28.7	0.72069
28.8	1.1287
28.9	1.174
29	1.156
29.1	1.2676
29.2	0.99741
29.3	0.9452
29.4	0.66518
29.5	1.0094
29.6	1.153
29.7	1.3615
29.8	0.76867
29.9	1.1332
30	1.213
30.1	1.3204
30.2	0.95289
30.3	0.66954
30.4	0.86927
30.5	0.75857
30.6	0.99139
30.7	0.50524
30.8	0.80022
30.9	0.82131
31	1.2298
31.1	1.2932
31.2	1.157
31.3	0.80273
31.4	0.82525
31.5	0.48599
31.6	1.3969
31.7	0.44631
31.8	1.248
31.9	0.65576
32	1.0142
32.1	0.9282
32.2	1.2332
32.3	1.4155
32.4	0.91859
32.5	1.3931
32.6	0.56378
32.7	0.58766
32.8	1.1856
32.9	1.1524
33	1.0331
33.1	0.49244
33.2	1.216
33.3	1.3486
33.4	1.0262
33.5	0.92712
33.6	0.66384
33.7	0.91026
33.8	1.2827
33.9	0.99548
34	0.96365
34.1	1.1334
34.2	0.73147
34.3	0.84198
34.4	0.58213
34.5	0.47571
34.6	0.84299
34.7	1.2091
34.8	0.81859
34.9	1.2069
35	0.68423
35.1	0.90048
35.2	0.70667
35.3	1.0611
35.4	1.0921
35.5	0.75522
35.6	0.65662
35.7	0.042254
35.8	0.46281
35.9	1.1612
36	1.5011
36.1	1.0156
36.2	0.89905
36.3	1.0436
36.4	0.38089
36.5	1.1906
36.6	0.92349
36.7	0.61173
36.8	0.8597
36.9	0.87282
37	0.87848
37.1	1.1291
37.2	0.87473
37.3	0.86727
37.4	1.26
37.5	0.13934
37.6	0.93299
37.7	0.37832
37.8	0.87053
37.9	1.2662
38	0.28174
38.1	0.8181
38.2	0.54654
38.3	1.0219
38.4	0.86071
38.5	0.39785
38.6	0.93653
38.7	0.98631
38.8	0.45461
38.9	0.55679
39	1.146
39.1	0.61405
39.2	0.98
39.3	1.1541
39.4	0.97906
39.5	1.1119
39.6	0.54881
39.7	0.94373
39.8	1.1246
39.9	1.0089
40	1.198
40.1	0.13562
40.2	0.87889
40.3	0.68725
40.4	0.69484
40.5	0.9641
40.6	0.61048
40.7	0.78609
40.8	0.32663
40.9	0.63647
41	0.74687
41.1	0.57893
41.2	0.4231
41.3	0.8485
41.4	1.0168
41.5	0.67324
41.6	0.16908
41.7	0.52425
41.8	0.4774
41.9	-0.26133
42	0.40444
42.1	0.67106
42.2	0.68463
42.3	-0.14177
42.4	0.37321
42.5	0.69188
42.6	0.2472
42.7	0.63337
42.8	0.1082
42.9	0.69447
43	0.82354
43.1	0.63572
43.2	0.32894
43.3	0.35957
43.4	0.17197
43.5	0.22302
43.6	0.53207
43.7	0.36042
43.8	0.3715
43.9	0.57668
44	0.48193
44.1	0.36672
44.2	0.58411
44.3	0.29845
44.4	-0.11773
44.5	0.2319
44.6	0.81219
44.7	0.17122
44.8	-0.1227
44.9	0.27842
45	0.076873
45.1	0.45409
45.2	0.55203
45.3	0.15499
45.4	0.46836
45.5	0.06055
45.6	2.0902e-05
45.7	-0.29213
45.8	-0.0044988
45.9	0.54618
46	0.19617
46.1	-0.093622
46.2	-0.089443
46.3	-0.060407
46.4	0.33376
46.5	0.066352
46.6	0.10868
46.7	0.092058
46.8	-0.0011687
46.9	-0.47027
47	0.42181
47.1	-0.47331
47.2	-0.79675
47.3	-0.15187
47.4	0.1898
47.5	-0.047116
47.6	-0.12659
47.7	-0.10401
47.8	0.049308
47.9	0.041581
48	0.14703
48.1	-0.32444
48.2	-0.39145
48.3	0.13027
48.4	-0.22086
48.5	-0.34755
48.6	-0.49198
48.7	-0.46791
48.8	-0.28084
48.9	-0.0061495
49	-0.51563
49.1	0.26113
49.2	0.24063
49.3	0.15786
49.4	-0.19429
49.5	-0.36318
49.6	0.070192
49.7	-0.24818
49.8	-0.17981
49.9	0.045786
50	-0.81655
50.1	0.05438
50.2	-0.45598
50.3	-0.8285
50.4	-0.40255
50.5	-0.60768
50.6	-0.60316
50.7	-0.63762
50.8	-0.17474
50.9	-0.59223
51	-0.54957
51.1	-0.34387
51.2	-0.80789
51.3	-0.13909
51.4	-1.2085
51.5	-0.54036
51.6	-0.61343
51.7	-0.22864
51.8	-0.3287
51.9	-0.28115
52	-0.61991
52.1	0.079301
52.2	-0.62859
52.3	-0.49377
52.4	-0.71196
52.5	-0.12953
52.6	-0.80721
52.7	-0.95844
52.8	-0.63129
52.9	0.071142
53	-0.63448
53.1	-0.78817
53.2	-0.56769
53.3	-0.51142
53.4	-0.67529
53.5	-0.4505
53.6	-1.0658
53.7	-1.041
53.8	-1.6858
53.9	-0.6027
54	-0.20181
54.1	-0.57095
54.2	-0.6132
54.3	-0.40399
54.4	-0.76754
54.5	-0.85481
54.6	-0.59871
54.7	-0.46947
54.8	-0.37636
54.9	-1.0358
55	-0.78059
55.1	-1.2802
55.2	-0.78066
55.3	-0.9581
55.4	-0.60813
55.5	-0.60724
55.6	-0.45723
55.7	-0.3552
55.8	-0.31901
55.9	-1.3682
56	-0.76469
56.1	-1.166
56.2	-0.56755
56.3	-0.9762
56.4	-0.99239
56.5	-0.97806
56.6	-1.0867
56.7	-0.92824
56.8	-0.49716
56.9	-0.60138
57	-0.80322
57.1	-0.91805
57.2	-1.779
57.3	-1.0391
57.4	-0.75048
57.5	-0.73769
57.6	-0.77574
57.7	-1.1919
57.8	-0.90487
57.9	-1.0984
58	-0.52485
58.1	-0.4723
58.2	-0.62873
58.3	-0.93964
58.4	-0.71123
58.5	-1.1727
58.6	-0.49132
58.7	-0.68406
58.8	-1.0356
58.9	-0.73413
59	-0.94877
59.1	-0.74972
59.2	-1.1437
59.3	-0.86478
59.4	-1.1461
59.5	-1.3464
59.6	-1.154
59.7	-1.0973
59.8	-0.72683
59.9	-1.2787
60	-0.77222
60.1	-1.2384
60.2	-0.64862
60.3	-0.94221
60.4	-1.014
60.5	-1.3338
60.6	-1.3178
60.7	-1.0436
60.8	-0.59818
60.9	-0.9639
61	-1.2867
61.1	-0.71779
61.2	-1.0181
61.3	-0.72762
61.4	-1.1563
61.5	-0.9343
61.6	-1.4142
61.7	-1.2417
61.8	-0.78569
61.9	-0.83574
62	-0.63728
62.1	-0.84548
62.2	-0.9441
62.3	-0.77971
62.4	-0.75952
62.5	-0.66053
62.6	-0.52503
62.7	-0.77301
62.8	-1.0463
62.9	-1.3982
63	-1.1986
63.1	-1.2459
63.2	-1.1683
63.3	-0.55939
63.4	-1.2739
63.5	-0.79721
63.6	-1.4423
63.7	-1.0867
63.8	-1.0203
63.9	-1.1631
64	-0.68916
64.1	-1.0919
64.2	-0.61908
64.3	-1.1891
64.4	-1.344
64.5	-0.80401
64.6	-0.41608
64.7	-0.58109
64.8	-0.65809
64.9	-0.78402
65	-0.47142
65.1	-0.56235
65.2	-1.0666
65.3	-0.92664
65.4	-1.2321
65.5	-1.0105
65.6	-0.72421
65.7	-0.83677
65.8	-1.261
65.9	-0.57756
66	-0.64878
66.1	-0.59447
66.2	-0.84884
66.3	-0.64902
66.4	-0.78312
66.5	-0.76821
66.6	-0.94863
66.7	-1.0367
66.8	-1.3319
66.9	-0.9551
67	-1.1089
67.1	-1.1294
67.2	-1.0138
67.3	-0.77766
67.4	-1.3086
67.5	-0.83862
67.6	-0.98461
67.7	-1.403
67.8	-1.6127
67.9	-0.60602
68	-1.0011
68.1	-0.66575
68.2	-0.77659
68.3	-1.0196
68.4	-0.60278
68.5	-0.59802
68.6	-0.79027
68.7	-0.53462
68.8	-0.71304
68.9	-0.59951
69	-1.1627
69.1	-0.48745
69.2	-1.3267
69.3	-0.94465
69.4	-0.60849
69.5	-0.92378
69.6	-0.6398
69.7	-0.60327
69.8	-0.95694
69.9	-0.52574
70	-0.67396
70.1	-0.73432
70.2	-0.4619
70.3	-0.78804
70.4	-1.0315
70.5	-0.53766
70.6	-0.49191
70.7	-0.94339
70.8	-0.26236
70.9	-1.0276
71	-0.94337
71.1	-0.51632
71.2	-1.3199
71.3	-1.0608
71.4	-0.77044
71.5	-0.29395
71.6	-0.22332
71.7	-0.88136
71.8	-0.82625
71.9	-0.50224
72	-0.31905
72.1	0.1705
72.2	-0.4912
72.3	-0.34192
72.4	-0.704
72.5	-0.86456
72.6	-0.51996
72.7	-0.47203
72.8	-0.7844
72.9	-0.18255
73	-0.10009
73.1	-0.39671
73.2	-0.095152
73.3	-0.6599
73.4	-0.89456
73.5	-0.86964
73.6	-0.35212
73.7	-0.56909
73.8	-0.32266
73.9	-0.12332
74	-0.27618
74.1	-0.24807
74.2	-0.9296
74.3	-0.56895
74.4	-0.46943
74.5	0.070474
74.6	-0.32721
74.7	-0.84665
74.8	0.12782
74.9	-0.20742
75	-0.34191
75.1	-0.48219
75.2	0.035454
75.3	-0.57164
75.4	0.34866
75.5	-0.35387
75.6	-0.58119
75.7	-0.68611
75.8	-0.36447
75.9	-0.24638
76	-0.36567
76.1	-0.45515
76.2	-0.061575
76.3	-0.45402
76.4	-0.12947
76.5	-0.28225
76.6	-0.0024054
76.7	-0.6506
76.8	0.11491
76.9	-0.47238
77	-0.40873
77.1	0.16029
77.2	0.38398
77.3	-0.24999
77.4	-0.050224
77.5	-0.46311
77.6	-0.57699
77.7	0.26842
77.8	0.15083
77.9	-0.074312
78	-0.20923
78.1	-0.41664
78.2	-0.20109
78.3	0.42449
78.4	-0.085928
78.5	0.16689
78.6	0.034345
78.7	-0.38468
78.8	-0.48735
78.9	0.35126
79	0.11281
79.1	0.91016
79.2	0.021042
79.3	0.27128
79.4	0.12999
79.5	-0.098521
79.6	-0.13912
79.7	-0.18607
79.8	0.42942
79.9	-0.031859
80	-0.14525
80.1	0.10293
80.2	-0.037824
80.3	0.14107
80.4	-0.37541
80.5	-0.16404
80.6	0.22283
80.7	-0.017542
80.8	0.030677
80.9	0.78837
81	0.62822
81.1	0.18622
81.2	-0.098335
81.3	-0.010135
81.4	0.94637
81.5	0.25244
81.6	0.3817
81.7	0.31951
81.8	0.65938
81.9	0.098806
82	0.11721
82.1	-0.18796
82.2	-0.10032
82.3	0.44806
82.4	0.35017
82.5	0.61659
82.6	0.24104
82.7	0.54107
82.8	0.63804
82.9	1.0003
83	0.40547
83.1	0.38515
83.2	0.4758
83.3	0.48051
83.4	0.41584
83.5	1.0384
83.6	0.85628
83.7	0.33776
83.8	0.75038
83.9	0.88391
84	0.23929
84.1	0.20605
84.2	0.43265
84.3	0.6137
84.4	0.5889
84.5	0.53023
84.6	0.62851
84.7	0.29171
84.8	0.32214
84.9	0.69806
85	0.54247
85.1	0.48526
85.2	0.10396
85.3	0.68867
85.4	0.74759
85.5	0.22336
85.6	0.5885
85.7	0.64858
85.8	0.90715
85.9	0.44919
86	0.48656
86.1	0.44146
86.2	0.15911
86.3	0.71982
86.4	0.80128
86.5	0.47348
86.6	0.43526
86.7	0.37445
86.8	0.6759
86.9	1.0617
87	-0.099792
87.1	0.075134
87.2	1.0734
87.3	0.55266
87.4	0.75533
87.5	1.1343
87.6	1.244
87.7	0.80226
87.8	0.99646
87.9	0.86181
88	0.95308
88.1	0.706
88.2	0.37068
88.3	0.99888
88.4	1.0215
88.5	0.71849
88.6	0.67405
88.7	0.41375
88.8	0.69419
88.9	0.68085
89	0.75235
89.1	1.365
89.2	0.98132
89.3	0.75917
89.4	0.97411
89.5	0.97718
89.6	1.2431
89.7	1.1582
89.8	1.2011
89.9	0.95612
90	1.0205
90.1	1.2337
90.2	0.94584
90.3	0.45501
90.4	0.97814
90.5	0.64809
90.6	0.91167
90.7	0.79306
90.8	0.73359
90.9	1.2844
91	0.83262
91.1	0.95079
91.2	0.97566
91.3	0.52794
91.4	1.3101
91.5	0.91829
91.6	1.2055
91.7	1.0492
91.8	1.3089
91.9	0.75009
92	0.45915
92.1	0.82279
92.2	0.78737
92.3	0.61671
92.4	1.3252
92.5	1.2662
92.6	1.2336
92.7	0.44302
92.8	0.46917
92.9	1.4582
93	1.0166
93.1	1.1505
93.2	0.89167
93.3	0.48111
93.4	0.97963
93.5	0.91743
93.6	1.8024
93.7	0.65208
93.8	0.88399
93.9	0.70945
94	1.5947
94.1	1.2119
94.2	0.63478
94.3	1.0965
94.4	0.61326
94.5	0.90392
94.6	1.9108
94.7	1.1004
94.8	0.67539
94.9	1.0686
95	0.79526
95.1	0.68978
95.2	0.71661
95.3	1.0294
95.4	1.2259
95.5	0.97046
95.6	0.60297
95.7	0.76106
95.8	1.5198
95.9	0.7896
96	0.84822
96.1	1.3596
96.2	0.58251
96.3	1.1906
96.4	0.84584
96.5	0.75736
96.6	1.2618
96.7	1.0123
96.8	1.0666
96.9	1.066
97	1.0274
97.1	0.70303
97.2	0.60917
97.3	1.1109
97.4	0.78761
97.5	1.4503
97.6	0.85544
97.7	1.0553
97.8	1.5008
97.9	0.92014
98	1.0374
98.1	0.86906
98.2	1.3823
98.3	0.99573
98.4	1.2643
98.5	0.80337
98.6	0.42297
98.7	0.89338
98.8	1.2589
98.9	1.1203
99	0.82192
99.1	0.88368
99.2	0.60045
99.3	1.086
99.4	0.62667
99.5	0.96487
99.6	0.52034
99.7	0.88157
99.8	1.3237
99.9	0.88078
100	0.96168
100.1	0.75202
100.2	0.44999
100.3	1.2089
100.4	1.264
100.5	0.91489
100.6	0.92014
100.7	0.89687
100.8	0.37518
100.9	0.82664
101	0.99888
101.1	0.40468
101.2	1.0975
101.3	0.50051
101.4	0.72432
101.5	0.48826
101.6	0.64324
101.7	1.024
101.8	0.45689
101.9	0.84935
102	0.65456
102.1	0.77157
102.2	0.57442
102.3	1.0579
102.4	1.1426
102.5	0.69706
102.6	0.091965
102.7	0.68226
102.8	1.0686
102.9	0.6958
103	0.53189
103.1	0.60278
103.2	-0.27483
103.3	0.5514
103.4	0.47023
103.5	0.48469
103.6	0.5747
103.7	0.16989
103.8	0.10177
103.9	0.74705
104	0.35282
104.1	0.40647
104.2	0.75689
104.3	0.44025
104.4	0.73765
104.5	0.58957
104.6	0.41832
104.7	0.46735
104.8	0.19619
104.9	0.67039
105	0.78047
105.1	0.67526
105.2	0.56999
105.3	0.23888
105.4	-0.056497
105.5	0.27719
105.6	0.79497
105.7	0.59865
105.8	0.27385
105.9	0.10376
106	0.070728
106.1	0.10478
106.2	0.29056
106.3	0.24044
106.4	0.10488
106.5	0.0073653
106.6	0.30848
106.7	0.38344
106.8	0.25664
106.9	-0.25239
107	-0.20282
107.1	0.40535
107.2	0.1624
107.3	-0.073777
107.4	0.97229
107.5	0.57239
107.6	0.42178
107.7	0.21866
107.8	0.17118
107.9	0.83378
108	-0.08422
108.1	0.43443
108.2	0.33202
108.3	0.34747
108.4	0.1289
108.5	0.68607
108.6	0.46304
108.7	-0.33258
108.8	0.2103
108.9	0.27959
109	0.043261
109.1	0.14209
109.2	0.46677
109.3	0.13279
109.4	0.5656
109.5	-0.22589
109.6	-0.10268
109.7	-0.053525
109.8	0.15745
109.9	0.12945
110	0.27718
110.1	0.16661
110.2	0.072545
110.3	0.17552
110.4	0.35773
110.5	0.18938
110.6	-0.55424
110.7	-0.33737
110.8	-0.66259
110.9	0.47137
111	-0.20522
111.1	-0.13927
111.2	-0.65676
111.3	-0.36602
111.4	0.14026
111.5	-0.47688
111.6	0.36096
111.7	-0.61939
111.8	-0.55552
111.9	-0.064223
112	-0.65949
112.1	-0.95435
112.2	-0.072657
112.3	-0.59205
112.4	-0.39327
112.5	-0.39735
112.6	0.11031
112.7	-0.22508
112.8	-0.26363
112.9	-0.2353
113	-0.91566
113.1	-0.49311
113.2	-0.29929
113.3	-0.44171
113.4	-0.54832
113.5	-0.31264
113.6	-1.1141
113.7	-0.99509
113.8	-0.44494
113.9	-0.91737
114	-0.57835
114.1	-0.55291
114.2	-0.51496
114.3	-0.33686
114.4	-0.4087
114.5	-0.19809
114.6	-0.49618
114.7	-0.13086
114.8	-0.22031
114.9	-0.4096
115	0.098017
115.1	-0.52167
115.2	-0.3525
115.3	-0.4747
115.4	-0.12249
115.5	-0.91589
115.6	-0.80472
115.7	-0.63709
115.8	-0.59145
115.9	-0.61592
116	-0.71611
116.1	-0.83258
116.2	-1.0428
116.3	-1.0794
116.4	-0.36668
116.5	-1.2366
116.6	-0.52451
116.7	-0.60403
116.8	-0.49352
116.9	-0.96181
117	-0.57558
117.1	-0.65302
117.2	-0.41571
117.3	-0.85164
117.4	-0.11936
117.5	-0.36381
117.6	-0.63605
117.7	-0.6908
117.8	-0.99042
117.9	-0.53106
118	-0.55669
118.1	-0.47179
118.2	-0.73953
118.3	-0.46863
118.4	-0.93008
118.5	-1.2228
118.6	-1.0664
118.7	-0.32342
118.8	-0.57975
118.9	-1.1544
119	-0.86007
119.1	-0.69087
119.2	-0.87881
119.3	-0.33207
119.4	-0.82514
119.5	-0.91169
119.6	-0.98929
119.7	-0.95912
119.8	-0.86761
119.9	-1.4516
120	-0.58419
120.1	-0.89943
120.2	-0.36111
120.3	-0.51953
120.4	-1.2137
120.5	-0.70103
120.6	-1.1959
120.7	-1.1908
120.8	-0.99203
120.9	-1.3284
121	-1.2354
121.1	-0.85312
121.2	-1.291
121.3	-1.3824
121.4	-0.48518
121.5	-0.60279
121.6	-0.5783
121.7	-0.76414
121.8	-0.94751
121.9	-0.53386
122	-0.43258
122.1	-1.0923
122.2	-0.33148
122.3	-1.4437
122.4	-1.4256
122.5	-1.1258
122.6	-1.1101
122.7	-0.8033
122.8	-0.74444
122.9	-1.1751
123	-0.6794
123.1	-0.75792
123.2	-1.4059
123.3	-0.79655
123.4	-0.65132
123.5	-1.2822
123.6	-1.1448
123.7	-0.68117
123.8	-0.32394
123.9	-1.0886
124	-1.0835
124.1	-0.82899
124.2	-1.0666
124.3	-1.2488
124.4	-1.3667
124.5	-1.491
124.6	-0.43188
124.7	-0.87162
124.8	-0.90175
124.9	-0.89586
125	-1.2365
125.1	-0.83803
125.2	-0.64134
125.3	-1.4878
125.4	-0.89084
125.5	-0.95026
125.6	-0.90963
125.7	-1.0032
125.8	-0.88097
125.9	-1.3311
126	-0.8496
126.1	-0.94069
126.2	-1.1056
126.3	-0.85141
126.4	-1.1566
126.5	-1.1387
126.6	-0.85964
126.7	-1.1251
126.8	-1.4587
126.9	-1.4735
127	-1.2271
127.1	-0.42934
127.2	-0.29906
127.3	-1.0067
127.4	-1.4515
127.5	-0.98168
127.6	-0.77432
127.7	-0.20734
127.8	-0.45954
127.9	-1.0953
128	-1.3322
128.1	-1.1184
128.2	-1.3078
128.3	-0.56666
128.4	-1.0899
128.5	-1.0136
128.6	-1.2196
128.7	-0.75638
128.8	-1.2281
128.9	-0.73019
129	-1.2441
129.1	-0.85794
129.2	-1.0833
129.3	-0.71291
129.4	-1.15
129.5	-1.1443
129.6	-1.2245
129.7	-0.95843
129.8	-1.0654
129.9	-1.078
130	-0.62739
130.1	-0.51517
130.2	-1.0042
130.3	-0.32061
130.4	-0.63566
130.5	-0.36634
130.6	-1.1826
130.7	-1.0271
130.8	-0.59015
130.9	-0.66568
131	-0.45653
131.1	-0.7534
131.2	-0.74164
131.3	-0.94108
131.4	-1.0046
131.5	-0.64102
131.6	-0.77272
131.7	-0.83414
131.8	-0.66714
131.9	-1.0374
132	-1.1081
132.1	-0.60142
132.2	-0.70839
132.3	-1.3154
132.4	-1.0053
132.5	-1.3756
132.6	-0.56349
132.7	-0.62255
132.8	-0.7101
132.9	-0.60407
133	-0.94299
133.1	-0.87862
133.2	-0.71444
133.3	-0.40096
133.4	-0.55062
133.5	-0.72478
133.6	-0.36473
133.7	-0.70798
133.8	-0.86452
133.9	-0.40733
134	-0.57762
134.1	-0.99466
134.2	-0.98515
134.3	-0.86918
134.4	-0.37087
134.5	-0.45366
134.6	-0.60992
134.7	-0.67239
134.8	-0.55303
134.9	-0.1978
135	-0.369
135.1	-0.74778
135.2	-0.63396
135.3	-0.41002
135.4	-0.67585
135.5	-0.21641
135.6	-0.44013
135.7	-0.10686
135.8	-0.60038
135.9	-0.64133
136	0.087953
136.1	-0.97556
136.2	-0.71951
136.3	-0.235
136.4	-0.08731
136.5	-0.81972
136.6	-0.21402
136.7	-0.20889
136.8	-0.042477
136.9	-0.20055
137	-0.31623
137.1	-0.65656
137.2	-0.014086
137.3	-0.17444
137.4	-0.66478
137.5	-0.18444
137.6	-0.59
137.7	-0.75594
137.8	-0.4806
137.9	-0.32516
138	0.024195
138.1	-0.38743
138.2	-0.27526
138.3	-0.19774
138.4	-0.64323
138.5	-0.37184
138.6	-0.37346
138.7	-0.48059
138.8	-0.61224
138.9	-0.57681
139	-0.33628
139.1	-0.42067
139.2	0.22252
139.3	-0.42037
139.4	-0.18807
139.5	-0.29812
139.6	0.29991
139.7	0.26679
139.8	-0.3247
139.9	0.069717
140	-0.33009
140.1	0.14811
140.2	0.5321
140.3	-0.21295
140.4	-0.33164
140.5	-0.44949
140.6	0.26531
140.7	0.10379
140.8	0.19595
140.9	-0.11712
141	-0.30776
141.1	-0.20382
141.2	-0.20285
141.3	-0.27287
141.4	0.0068517
141.5	-0.071927
141.6	0.3533
141.7	-0.11536
141.8	0.28357
141.9	-0.24958
142	0.63941
142.1	0.12321
142.2	0.074883
142.3	-0.028697
142.4	-0.058403
142.5	-0.033127
142.6	0.016453
142.7	0.51979
142.8	0.30293
142.9	0.15472
143	-0.13989
143.1	-0.3372
143.2	0.72668
143.3	0.14807
143.4	0.15956
143.5	-0.12833
143.6	0.40478
143.7	-0.041106
143.8	0.50578
143.9	-0.45788
144	0.38608
144.1	0.3245
144.2	0.42932
144.3	0.18961
144.4	-0.42584
144.5	0.018903
144.6	1.1318
144.7	0.62027
144.8	0.096326
144.9	0.49075
145	0.4945
145.1	-0.37594
145.2	0.27768
145.3	-0.22594
145.4	0.74063
145.5	0.68594
145.6	0.85604
145.7	1.0327
145.8	0.45251
145.9	0.27919
146	0.5353
146.1	0.52141
146.2	0.41436
146.3	0.41886
146.4	0.17572
146.5	0.50436
146.6	0.094261
146.7	0.5872
146.8	0.70218
146.9	0.72615
147	0.80335
147.1	0.70073
147.2	0.81453
147.3	0.55483
147.4	0.452
147.5	0.99393
147.6	0.029935
147.7	0.25875
147.8	0.36045
147.9	0.78344
148	0.20441
148.1	0.60994
148.2	0.78153
148.3	0.53838
148.4	0.84908
148.5	0.84497
148.6	1.3775
148.7	0.24623
148.8	0.5157
148.9	0.9776
149	0.6458
149.1	0.62151
149.2	0.49353
149.3	1.0625
149.4	0.95107
149.5	0.98831
149.6	0.79297
149.7	0.20328
149.8	1.3848
149.9	0.51367
150	0.92732
150.1	1.2442
150.2	0.81754
150.3	0.74428
150.4	0.99915
150.5	0.68843
150.6	0.5806
150.7	0.13614
150.8	0.74655
150.9	0.86094
151	1.2745
151.1	1.0347
151.2	1.1443
151.3	0.77297
151.4	1.2611
151.5	1.1254
151.6	0.74959
151.7	0.88719
151.8	0.42744
151.9	0.6098
152	0.98108
152.1	0.63505
152.2	0.82243
152.3	1.257
152.4	0.68391
152.5	0.86296
152.6	0.57847
152.7	1.126
152.8	1.0762
152.9	0.46325
153	0.65927
153.1	0.75538
153.2	0.13124
153.3	0.54895
153.4	0.69688
153.5	1.1019
153.6	0.87153
153.7	0.60238
153.8	0.86874
153.9	1.1728
154	0.91345
154.1	0.56034
154.2	1.861
154.3	1.0356
154.4	1.4194
154.5	1.7747
154.6	1.3428
154.7	0.93795
154.8	0.35927
154.9	0.51571
155	0.83812
155.1	1.0252
155.2	1.5288
155.3	1.7037
155.4	1.2433
155.5	0.61162
155.6	0.93014
155.7	1.6607
155.8	0.99871
155.9	0.97381
156	0.69859
156.1	1.0979
156.2	0.83304
156.3	1.1275
156.4	1.3387
156.5	1.528
156.6	0.99383
156.7	1.7375
156.8	1.542
156.9	0.74591
157	1.5001
157.1	1.1462
157.2	0.72439
157.3	1.3809
157.4	1.2842
157.5	1.1764
157.6	1.0303
157.7	0.67563
157.8	1.7198
157.9	1.3849
158	1.5062
158.1	1.1421
158.2	0.87141
158.3	1.3499
158.4	0.57726
158.5	1.1275
158.6	0.77165
158.7	0.99605
158.8	1.1851
158.9	1.2633
159	0.87605
159.1	0.89065
159.2	0.22306
159.3	0.53323
159.4	1.5942
159.5	1.0778
159.6	1.135
159.7	0.58499
159.8	0.84121
159.9	0.35437
160	0.47703
160.1	0.49273
160.2	0.37856
160.3	0.5294
160.4	0.57009
160.5	0.7037
160.6	1.3065
160.7	1.535
160.8	0.694
160.9	1.0157
161	0.87453
161.1	0.56635
161.2	0.60856
161.3	0.34748
161.4	1.171
161.5	0.89459
161.6	1.2222
161.7	0.67007
161.8	0.7683
161.9	1.0457
162	0.87563
162.1	1.3083
162.2	0.6107
162.3	1.3131
162.4	0.76192
162.5	0.81306
162.6	0.71605
162.7	0.68395
162.8	1.3454
162.9	0.59481
163	1.215
163.1	0.78207
163.2	0.79786
163.3	0.85682
163.4	0.78467
163.5	0.40259
163.6	0.4951
163.7	0.91925
163.8	0.69837
163.9	0.83139
164	0.97275
164.1	0.80802
164.2	0.62661
164.3	0.72545
164.4	1.1524
164.5	0.93944
164.6	0.97126
164.7	0.99493
164.8	1.0033
164.9	0.47887
165	1.4498
165.1	0.64908
165.2	0.70046
165.3	0.22926
165.4	0.99888
165.5	0.83756
165.6	0.71603
165.7	0.83639
165.8	0.903
165.9	0.74314
166	-0.13093
166.1	0.58773
166.2	0.56234
166.3	0.73481
166.4	0.50598
166.5	0.63152
166.6	0.609
166.7	0.51944
166.8	0.76615
166.9	0.58081
167	0.81024
167.1	0.36018
167.2	1.007
167.3	0.26585
167.4	0.4265
167.5	0.059281
167.6	0.30176
167.7	0.86664
167.8	0.6203
167.9	0.18277
168	0.61249
168.1	0.23572
168.2	-0.19025
168.3	0.27143
168.4	1.0216
168.5	0.48037
168.6	-0.18794
168.7	0.61099
168.8	0.97654
168.9	0.36654
169	0.32475
169.1	0.54233
169.2	0.10153
169.3	0.43458
169.4	1.0989
169.5	0.058972
169.6	0.33585
169.7	0.42934
169.8	0.42856
169.9	0.54814
170	0.21281
170.1	0.041167
170.2	0.23692
170.3	-0.33491
170.4	0.1708
170.5	0.89633
170.6	0.047716
170.7	0.31851
170.8	0.35275
170.9	0.31004
171	0.20144
171.1	-0.026483
171.2	0.26794
171.3	0.22478
171.4	0.19078
171.5	0.31538
171.6	0.06744
171.7	-0.24919
171.8	-0.13249
171.9	0.30259
172	0.39381
172.1	-0.122
172.2	-0.34629
172.3	-0.26116
172.4	0.34812
172.5	0.30988
172.6	0.2597
172.7	0.30667
172.8	-0.0099712
172.9	0.037153
173	0.19899
173.1	0.25127
173.2	0.73989
173.3	-0.34618
173.4	-0.026791
173.5	0.063521
173.6	-0.43549
173.7	-0.54553
173.8	-0.051158
173.9	-0.32707
174	-0.12097
174.1	-0.42303
174.2	-0.17064
174.3	-0.11963
174.4	-0.84021
174.5	0.062022
174.6	-0.79786
174.7	-0.11184
174.8	-0.19323
174.9	-0.13863
175	0.24773
175.1	-0.70144
175.2	-0.44956
175.3	-0.4823
175.4	0.21715
175.5	0.13552
175.6	-0.060603
175.7	-0.76453
175.8	-0.43788
175.9	-0.1451
176	-0.20762
176.1	-0.52432
176.2	0.12775
176.3	-0.52095
176.4	-0.23465
176.5	0.25058
176.6	0.15975
176.7	-0.44149
176.8	-0.15886
176.9	0.11625
177	-0.70052
177.1	-0.12232
177.2	0.14559
177.3	-0.12658
177.4	-0.065311
177.5	-0.45355
177.6	-0.85689
177.7	-0.6945
177.8	-0.0051451
177.9	-0.46714
178	-0.24401
178.1	-0.81796
178.2	-1.0596
178.3	-1.1529
178.4	-0.44658
178.5	-1.1944
178.6	-0.11249
178.7	-0.20771
178.8	-0.47328
178.9	-0.25976
179	-0.61412
179.1	-1.1409
179.2	-0.63603
179.3	-0.80959
179.4	-0.23458
179.5	-0.51751
179.6	-0.50571
179.7	-0.74985
179.8	-0.91344
179.9	-0.56867
180	-0.79179
180.1	-0.25003
180.2	-0.78542
180.3	-0.92117
180.4	-0.75534
180.5	-0.37243
180.6	-0.87426
180.7	-0.73988
180.8	-1.1616
180.9	-0.68851
181	-0.84693
181.1	-0.87345
181.2	-0.7021
181.3	-0.74398
181.4	-0.75941
181.5	0.13708
181.6	-0.45751
181.7	-0.27093
181.8	-0.28414
181.9	-0.87651
182	-0.94245
182.1	-1.3031
182.2	-1.1009
182.3	-0.89988
182.4	-0.84756
182.5	-0.728
182.6	-0.78505
182.7	-1.1947
182.8	-0.94124
182.9	-0.326
183	-0.94359
183.1	-1.135
183.2	-0.9397
183.3	-0.767
183.4	-0.98971
183.5	-1.0065
183.6	-0.98615
183.7	-0.52877
183.8	-0.63834
183.9	-1.1227
184	-1.1258
184.1	-1.4303
184.2	-0.56889
184.3	-0.94572
184.4	-0.9904
184.5	-0.86717
184.6	-1.3176
184.7	-1.207
184.8	-0.87707
184.9	-1.0331
185	-1.5604
185.1	-1.176
185.2	-0.86631
185.3	-0.62609
185.4	-0.92576
185.5	-0.91167
185.6	-1.1033
185.7	-0.8978
185.8	-0.80018
185.9	-1.2391
186	-0.65111
186.1	-1.4732
186.2	-0.9876
186.3	-1.0459
186.4	-0.48074
186.5	-1.0747
186.6	-0.0062447
186.7	-1.0665
186.8	-1.2021
186.9	-0.28352
187	-0.99442
187.1	-1.0677
187.2	-0.9476
187.3	-1.2957
187.4	-1.4352
187.5	-1.1898
187.6	-0.97483
187.7	-0.65153
187.8	-0.63114
187.9	-0.85247
188	-0.63624
188.1	-0.20575
188.2	-0.80241
188.3	-0.70817
188.4	-1.091
