0	-0.8327
0.1	-0.39587
0.2	-1.1744
0.3	-1.0259
0.4	-1.3644
0.5	-1.2713
0.6	-0.9564
0.7	-0.85132
0.8	-0.83329
0.9	-0.86265
1	-1.2828
1.1	-0.81047
1.2	-1.141
1.3	-1.0849
1.4	-1.6748
1.5	-1.3059
1.6	-1.5419
1.7	-1.091
1.8	-1.2637
1.9	-1.1179
2	-0.90082
2.1	-1.3951
2.2	-0.7522
2.3	-0.69847
2.4	-1.0246
2.5	-1.0281
2.6	-1.0178
2.7	-0.7835
2.8	-0.93532
2.9	-1.1841
3	-1.1944
3.1	-1.0991
3.2	-1.1291
3.3	-1.0786
3.4	-0.89828
3.5	-1.1218
3.6	-0.67781
3.7	-1.0224
3.8	-0.81511
3.9	-1.0487
4	-0.71924
4.1	-1.3017
4.2	-1.3728
4.3	-1.1295
4.4	-0.23136
4.5	-0.39873
4.6	-0.67972
4.7	-0.9479
4.8	-1.0289
4.9	-0.95724
5	-0.80326
5.1	-0.42269
5.2	-0.66909
5.3	-0.43257
5.4	-1.2077
5.5	-1.516
5.6	-0.95466
5.7	-1.2155
5.8	-0.76391
5.9	-1.2419
6	-0.69448
6.1	-0.96836
6.2	-0.71985
6.3	-0.85788
6.4	-0.38514
6.5	-1.1272
6.6	-0.88745
6.7	-1.2201
6.8	-1.2699
6.9	-0.37685
7	-0.866
7.1	-0.73684
7.2	-0.943
7.3	-0.6532
7.4	-0.79611
7.5	-0.68801
7.6	-1.0015
7.7	-0.81965
7.8	-0.26268
7.9	-0.47878
8	-0.63816
8.1	-0.94931
8.2	-0.61071
8.3	-1.3127
8.4	-0.3714
8.5	-0.74419
8.6	-0.6407
8.7	-0.0058009
8.8	-0.46529
8.9	-0.28785
9	-0.32777
9.1	-0.71861
9.2	-0.62347
9.3	-0.58443
9.4	-0.69972
9.5	-0.65115
9.6	-1.1356
9.7	-0.54734
9.8	-0.60282
9.9	-1.0333
10	-0.71154
10.1	-0.93332
10.2	-0.47032
10.3	-0.83061
10.4	-0.38188
10.5	-0.54472
10.6	-0.33931
10.7	-0.26155
10.8	-0.8022
10.9	-0.51292
11	-0.96339
11.1	-0.70805
11.2	-0.43233
11.3	-0.6003
11.4	-0.16151
11.5	-0.77595
11.6	-0.59949
11.7	0.070097
11.8	-0.14814
11.9	-0.94442
12	-0.38465
12.1	-0.3238
12.2	-0.69745
12.3	0.24005
12.4	-0.53203
12.5	-0.084154
12.6	0.00090811
12.7	-0.13898
12.8	-0.23274
12.9	-0.10714
13	-0.57211
13.1	-0.56477
13.2	-0.34457
13.3	-0.92484
13.4	-0.34793
13.5	0.5121
13.6	-0.10597
13.7	-0.11389
13.8	-0.25104
13.9	-0.21111
14	-0.38715
14.1	0.2523
14.2	-0.2601
14.3	-0.044926
14.4	-0.40062
14.5	-0.38597
14.6	-0.29308
14.7	-0.29911
14.8	-0.53839
14.9	-0.09901
15	-0.50861
15.1	-0.036188
15.2	0.097991
15.3	0.16839
15.4	0.23961
15.5	0.5042
15.6	-0.26207
15.7	-0.2546
15.8	0.35439
15.9	0.44623
16	-0.10451
16.1	-0.16465
16.2	-0.10391
16.3	-0.37724
16.4	0.1446
16.5	0.2762
16.6	0.78395
16.7	-0.010731
16.8	0.060332
16.9	0.23016
17	0.21362
17.1	0.81858
17.2	0.25032
17.3	0.76583
17.4	0.43228
17.5	0.62264
17.6	-0.10721
17.7	0.6595
17.8	-0.057662
17.9	0.61516
18	-0.12303
18.1	1.0612
18.2	0.45669
18.3	0.328
18.4	0.2165
18.5	0.29584
18.6	0.32517
18.7	0.33308
18.8	0.40475
18.9	-0.0045218
19	0.19845
19.1	0.46928
19.2	0.35661
19.3	0.23351
19.4	0.57331
19.5	0.64189
19.6	0.28027
19.7	0.090545
19.8	0.71679
19.9	0.33029
20	0.23641
20.1	0.95374
20.2	0.75806
20.3	0.17086
20.4	0.97333
20.5	-0.043388
20.6	0.6463
20.7	0.7939
20.8	0.41397
20.9	0.012705
21	0.31141
21.1	0.34646
21.2	0.71596
21.3	0.5177
21.4	0.5447
21.5	0.83646
21.6	0.36105
21.7	0.31965
21.8	0.48816
21.9	0.17835
22	0.23452
22.1	0.52515
22.2	0.37477
22.3	0.35475
22.4	0.50481
22.5	1.0119
22.6	1.0104
22.7	0.71513
22.8	0.71571
22.9	0.42981
23	0.35888
23.1	0.47146
23.2	1.0153
23.3	0.97392
23.4	0.94876
23.5	0.5901
23.6	1.0069
23.7	0.72918
23.8	0.38873
23.9	1.0529
24	0.53334
24.1	0.56588
24.2	0.57325
24.3	1.1062
24.4	0.39469
24.5	0.86218
24.6	0.82904
24.7	0.98904
24.8	0.96764
24.9	1.1
25	1.1176
25.1	0.69213
25.2	1.1376
25.3	0.85124
25.4	1.1932
25.5	1.2367
25.6	1.108
25.7	0.73897
25.8	0.92249
25.9	0.87172
26	0.92155
26.1	0.66831
26.2	0.89062
26.3	0.86802
26.4	1.2809
26.5	0.94806
26.6	0.36524
26.7	0.62175
26.8	0.97314
26.9	0.54783
27	0.80653
27.1	1.2407
27.2	1.0966
27.3	0.79968
27.4	1.143
27.5	0.74608
27.6	0.64767
27.7	1.1457
27.8	1.2338
27.9	0.36771
28	1.164
28.1	0.48248
28.2	1.0633
28.3	1.4489
28.4	1.0227
28.5	1.2158
28.6	0.78051
28.7	0.6792
28.8	0.49585
28.9	1.2337
29	0.83135
29.1	1.26
29.2	1.0057
29.3	0.6349
29.4	1.2332
29.5	1.1198
29.6	1.0071
29.7	0.73214
29.8	0.58789
29.9	1.293
30	1.2221
30.1	1.6329
30.2	1.3228
30.3	0.95045
30.4	0.52305
30.5	0.86552
30.6	1.5951
30.7	1.1287
30.8	1.1296
30.9	1.5024
31	0.73776
31.1	0.85531
31.2	0.65266
31.3	1.3614
31.4	1.5432
31.5	1.3348
31.6	0.59694
31.7	1.2239
31.8	0.85955
31.9	1.0597
32	0.82722
32.1	1.2552
32.2	0.70296
32.3	1.1141
32.4	1.4907
32.5	0.68515
32.6	1.4018
32.7	0.59638
32.8	0.60338
32.9	1.2342
33	0.86617
33.1	1.4971
33.2	1.1517
33.3	1.2738
33.4	0.69843
33.5	0.78009
33.6	1.6043
33.7	1.1589
33.8	0.52084
33.9	0.51791
34	0.45634
34.1	0.88766
34.2	1.7569
34.3	0.40799
34.4	0.99782
34.5	1.5281
34.6	1.2423
34.7	1.6031
34.8	0.41889
34.9	0.91694
35	0.73484
35.1	0.77402
35.2	1.3164
35.3	0.74794
35.4	1.0073
35.5	1.2787
35.6	1.0717
35.7	1.3336
35.8	0.71852
35.9	1.1762
36	0.4433
36.1	1.047
36.2	1.0126
36.3	0.76299
36.4	1.0612
36.5	0.16275
36.6	1.4182
36.7	0.58228
36.8	0.98742
36.9	1.0371
37	0.35898
37.1	0.70072
37.2	0.34303
37.3	1.0653
37.4	0.84975
37.5	1.1846
37.6	0.51747
37.7	1.0773
37.8	0.87818
37.9	0.75087
38	1.1264
38.1	0.32798
38.2	0.61188
38.3	0.65053
38.4	0.49847
38.5	0.61028
38.6	1.4351
38.7	0.91521
38.8	0.81969
38.9	0.79087
39	0.64714
39.1	0.75147
39.2	0.91825
39.3	0.66549
39.4	0.25348
39.5	0.87952
39.6	0.2461
39.7	0.75396
39.8	0.88616
39.9	0.51849
40	0.79491
40.1	1.1672
40.2	0.67204
40.3	0.59292
40.4	0.99512
40.5	0.4341
40.6	1.1056
40.7	1.1688
40.8	0.65801
40.9	0.76558
41	0.27422
41.1	0.54186
41.2	1.0803
41.3	0.6403
41.4	0.49769
41.5	1.0925
41.6	0.39599
41.7	0.49775
41.8	0.50114
41.9	0.95812
42	0.70361
42.1	0.35207
42.2	0.69729
42.3	0.3139
42.4	1.016
42.5	-0.22746
42.6	0.56311
42.7	0.76149
42.8	0.42928
42.9	0.05383
43	0.68136
43.1	0.23595
43.2	0.60532
43.3	0.2957
43.4	0.54301
43.5	0.29865
43.6	0.61425
43.7	0.15423
43.8	1.0425
43.9	0.70092
44	0.53902
44.1	0.10405
44.2	0.52144
44.3	0.18119
44.4	0.79444
44.5	0.48291
44.6	0.66722
44.7	0.187
44.8	0.087308
44.9	0.29871
45	0.080571
45.1	-0.012872
45.2	0.58908
45.3	-0.11906
45.4	0.24273
45.5	0.65515
45.6	-0.18938
45.7	0.49086
45.8	0.10442
45.9	-0.15859
46	-0.24314
46.1	0.28483
46.2	0.97264
46.3	0.30517
46.4	-0.051317
46.5	0.6906
46.6	-0.15867
46.7	-0.055867
46.8	0.3084
46.9	-0.62728
47	-0.3
47.1	0.054049
47.2	0.11928
47.3	-0.30764
47.4	0.037439
47.5	0.0053074
47.6	-0.035872
47.7	0.21284
47.8	-0.17019
47.9	0.032198
48	-0.25414
48.1	-0.42497
48.2	0.011671
48.3	-1.292
48.4	-0.2678
48.5	-0.31799
48.6	-0.023506
48.7	-0.059363
48.8	0.15973
48.9	-0.33793
49	-0.16531
49.1	-0.31641
49.2	0.31543
49.3	-0.25532
49.4	-0.49693
49.5	0.25432
49.6	-0.78236
49.7	-0.44885
49.8	-0.5469
49.9	-0.46983
50	-0.46332
50.1	0.13448
50.2	-0.21793
50.3	0.46692
50.4	-0.4767
50.5	-0.35443
50.6	-0.35344
50.7	0.01589
50.8	-0.29177
50.9	-0.38562
51	-0.42554
51.1	0.013833
51.2	-0.26422
51.3	-0.48851
51.4	-0.3803
51.5	0.24323
51.6	0.02334
51.7	-0.55635
51.8	-0.53545
51.9	-0.30546
52	-0.73933
52.1	-0.55177
52.2	-0.81705
52.3	-1.057
52.4	-0.63072
52.5	-0.54783
52.6	-0.36269
52.7	-0.55819
52.8	-1.062
52.9	-0.36176
53	-0.77893
53.1	-0.93643
53.2	-0.17372
53.3	-0.43819
53.4	-0.57165
53.5	-0.54542
53.6	-0.094641
53.7	-0.76684
53.8	-0.79413
53.9	-1.1178
54	-0.30691
54.1	-0.48185
54.2	-0.51146
54.3	-0.96188
54.4	-0.77789
54.5	-0.60965
54.6	-0.51638
54.7	-0.80066
54.8	-1.2675
54.9	-0.98859
55	-0.63953
55.1	-0.77246
55.2	-0.25486
55.3	-1.2697
55.4	-1.172
55.5	-0.65691
55.6	-1.1447
55.7	-0.42484
55.8	-0.57088
55.9	-0.83069
56	-1.1688
56.1	-0.74485
56.2	-0.5768
56.3	-0.68879
56.4	-0.91209
56.5	-0.86123
56.6	-0.4323
56.7	-0.51354
56.8	-0.65639
56.9	-1.2306
57	-1.6175
57.1	-1.1089
57.2	-1.1265
57.3	-0.98905
57.4	-1.0423
57.5	-0.67545
57.6	-1.0701
57.7	-0.3705
57.8	-0.91203
57.9	-0.86357
58	-1.4839
58.1	-1.1497
58.2	-1.6404
58.3	-1.024
58.4	-0.69583
58.5	-0.49271
58.6	-1.4007
58.7	-1.5421
58.8	-0.80465
58.9	-0.88184
59	-1.2218
59.1	-0.74678
59.2	-0.973
59.3	-0.81819
59.4	-1.067
59.5	-1.2026
59.6	-0.65909
59.7	-0.62052
59.8	-0.52345
59.9	-1.0928
60	-1.1096
60.1	-0.86009
60.2	-1.1441
60.3	-0.84818
60.4	-1.191
60.5	-1.0341
60.6	-1.3995
60.7	-1.5551
60.8	-0.92756
60.9	-1.0733
61	-1.2221
61.1	-1.0158
61.2	-1.0955
61.3	-0.5993
61.4	-1.1142
61.5	-0.61976
61.6	-1.2201
61.7	-1.256
61.8	-1.5551
61.9	-0.87437
62	-0.88629
62.1	-0.51764
62.2	-0.3024
62.3	-0.5938
62.4	-0.89848
62.5	-0.69169
62.6	-0.96845
62.7	-1.0398
62.8	-1.1747
62.9	-0.7831
63	-0.90336
63.1	-1.3275
63.2	-0.83108
63.3	-0.70769
63.4	-0.9991
63.5	-0.96004
63.6	-0.8675
63.7	-1.2252
63.8	-1.2194
63.9	-0.56083
64	-0.69002
64.1	-0.62845
64.2	-1.1862
64.3	-0.67318
64.4	-0.70276
64.5	-0.72297
64.6	-1.0565
64.7	-0.94767
64.8	-0.34808
64.9	-0.83034
65	-1.4349
65.1	-1.0256
65.2	-1.5607
65.3	-0.75006
65.4	-1.2151
65.5	-0.99473
65.6	-0.83162
65.7	-0.86805
65.8	-1.3859
65.9	-1.1583
66	-1.2542
66.1	-1.1037
66.2	-0.35612
66.3	-0.85631
66.4	-1.3798
66.5	-0.72343
66.6	-1.0353
66.7	-0.65895
66.8	-1.0349
66.9	-0.89997
67	-0.5392
67.1	-0.81211
67.2	-0.49851
67.3	-0.96032
67.4	-0.93906
67.5	-0.76576
67.6	-1.0109
67.7	-0.77575
67.8	-0.70819
67.9	-0.9872
68	-1.1668
68.1	-0.99551
68.2	-0.94696
68.3	-0.65953
68.4	-0.84111
68.5	-0.55725
68.6	-1.0642
68.7	-0.69722
68.8	-0.57921
68.9	-0.65177
69	-1.0436
69.1	-0.6493
69.2	-0.97959
69.3	-0.79602
69.4	-0.94198
69.5	-0.49985
69.6	-1.3155
69.7	-0.71587
69.8	-0.81133
69.9	-1.0774
70	-0.71647
70.1	-0.86341
70.2	-0.42493
70.3	-1.3169
70.4	-0.64767
70.5	-0.55874
70.6	-1.3491
70.7	-0.45735
70.8	-0.31484
70.9	-0.46392
71	-0.17996
71.1	-0.48529
71.2	-1.2698
71.3	-0.98065
71.4	-0.24701
71.5	-0.72888
71.6	-0.9676
71.7	-1.2678
71.8	-0.98597
71.9	-0.82735
72	-0.43364
72.1	-0.41462
72.2	-0.094594
72.3	-0.28097
72.4	-0.80507
72.5	-0.53905
72.6	-0.445
72.7	-0.38851
72.8	-0.90832
72.9	-0.75789
73	-0.63449
73.1	-0.55015
73.2	0.022383
73.3	-0.38321
73.4	-0.79161
73.5	-0.44998
73.6	-0.46729
73.7	-0.50821
73.8	-0.028462
73.9	0.14473
74	-0.39654
74.1	-0.34309
74.2	-0.78566
74.3	-0.10284
74.4	-0.65671
74.5	-0.31787
74.6	-0.30062
74.7	-0.4203
74.8	-0.21976
74.9	-0.33505
75	0.30536
75.1	0.11587
75.2	0.32506
75.3	-0.023245
75.4	-0.27497
75.5	-0.24028
75.6	-0.22892
75.7	-0.0045326
75.8	-0.36362
75.9	-0.16454
76	-0.49137
76.1	0.064713
76.2	-0.37984
76.3	-0.6206
76.4	-0.29612
76.5	-0.36091
76.6	-0.4514
76.7	-0.3578
76.8	0.017737
76.9	-0.18491
77	-0.62651
77.1	0.29116
77.2	-0.067738
77.3	0.10584
77.4	-0.45448
77.5	-0.15099
77.6	0.25146
77.7	-0.42138
77.8	0.054495
77.9	0.42445
78	-0.26719
78.1	-0.66416
78.2	-0.64018
78.3	-0.050164
78.4	0.40628
78.5	-0.10404
78.6	-0.058937
78.7	-0.49534
78.8	0.12552
78.9	0.078443
79	0.25057
79.1	-0.15636
79.2	0.50828
79.3	0.030352
79.4	-0.41813
79.5	0.033489
79.6	0.52445
79.7	0.2612
79.8	-0.42074
79.9	0.66905
80	0.31625
80.1	0.18036
80.2	0.15735
80.3	0.1147
80.4	0.11127
80.5	-0.10903
80.6	0.55313
80.7	0.1858
80.8	0.52521
80.9	0.4211
81	0.27882
81.1	0.38512
81.2	-0.0066121
81.3	0.42992
81.4	0.78151
81.5	0.6614
81.6	0.4028
81.7	0.45778
81.8	0.31491
81.9	0.034219
82	0.12734
82.1	0.083437
82.2	0.21864
82.3	0.66993
82.4	0.69722
82.5	0.8014
82.6	0.57832
82.7	0.7686
82.8	-0.1647
82.9	0.44239
83	-0.35732
83.1	0.8032
83.2	0.25072
83.3	0.76797
83.4	0.732
83.5	0.34176
83.6	0.22707
83.7	0.40097
83.8	0.43935
83.9	0.55128
84	0.43901
84.1	0.66122
84.2	0.2106
84.3	0.50803
84.4	0.44639
84.5	0.50954
84.6	0.37042
84.7	0.41914
84.8	0.63745
84.9	0.6926
85	0.80568
85.1	0.55649
85.2	0.81423
85.3	0.74979
85.4	0.50585
85.5	0.49811
85.6	0.85811
85.7	-0.033302
85.8	1.016
85.9	0.86796
86	0.3215
86.1	1.2976
86.2	0.67242
86.3	1.0349
86.4	1.5831
86.5	0.50166
86.6	0.76683
86.7	-0.17337
86.8	0.41661
86.9	0.57112
87	1.0373
87.1	0.59615
87.2	0.81388
87.3	0.69488
87.4	0.98791
87.5	1.5844
87.6	0.75626
87.7	0.52113
87.8	0.63753
87.9	0.64487
88	0.62473
88.1	1.4547
88.2	0.82829
88.3	0.85968
88.4	0.57733
88.5	0.67475
88.6	1.0723
88.7	0.87587
88.8	1.1
88.9	0.8866
89	0.69701
89.1	1.3306
89.2	0.91695
89.3	1.6817
89.4	1.2158
89.5	0.45277
89.6	0.55446
89.7	0.6097
89.8	0.78778
89.9	0.90851
90	1.1309
90.1	1.3608
90.2	0.97857
90.3	0.9467
90.4	0.68268
90.5	0.97339
90.6	1.0178
90.7	1.0638
90.8	1.3668
90.9	0.60036
91	1.1138
91.1	0.53254
91.2	1.3313
91.3	1.7491
91.4	1.2503
91.5	0.57848
91.6	1.0093
91.7	0.84668
91.8	0.56541
91.9	0.69492
92	0.38661
92.1	0.78292
92.2	1.3082
92.3	1.0946
92.4	0.24005
92.5	1.3328
92.6	1.2555
92.7	0.62274
92.8	0.77541
92.9	1.0994
93	0.58707
93.1	0.67042
93.2	0.68337
93.3	1.1479
93.4	1.0134
93.5	0.80467
93.6	0.64479
93.7	0.89456
93.8	0.71533
93.9	1.4161
94	0.40974
94.1	0.81131
94.2	0.59266
94.3	1.3908
94.4	1.2106
94.5	0.74614
94.6	0.87242
94.7	1.1365
94.8	1.0719
94.9	0.17769
95	0.3988
95.1	0.84303
95.2	1.349
95.3	1.1262
95.4	0.68223
95.5	1.1691
95.6	0.78329
95.7	0.63537
95.8	1.0153
95.9	0.85649
96	0.93245
96.1	0.68919
96.2	0.98427
96.3	0.76065
96.4	0.65193
96.5	1.2618
96.6	0.96912
96.7	0.58982
96.8	1.3711
96.9	0.72925
97	0.99042
97.1	0.62281
97.2	1.5443
97.3	1.5414
97.4	0.94502
97.5	0.73174
97.6	1.2402
97.7	1.047
97.8	0.91387
97.9	1.4178
98	1.2943
98.1	0.97899
98.2	1.1053
98.3	0.91413
98.4	1.0318
98.5	1.1531
98.6	1.2536
98.7	0.6408
98.8	0.93333
98.9	1.0965
99	0.49716
99.1	0.85182
99.2	0.684
99.3	0.78736
99.4	0.9498
99.5	0.64865
99.6	1.1049
99.7	0.90208
99.8	1.3145
99.9	0.82205
100	0.75678
100.1	0.90146
100.2	0.99699
100.3	1.1608
100.4	0.49129
100.5	0.97588
100.6	0.40311
100.7	1.0088
100.8	0.44552
100.9	0.78332
101	1.2432
101.1	0.82195
101.2	0.56577
101.3	0.59021
101.4	0.77545
101.5	0.9064
101.6	0.51843
101.7	0.86544
101.8	0.51563
101.9	0.73014
102	0.79496
102.1	0.6157
102.2	0.68214
102.3	0.93996
102.4	0.5893
102.5	0.047005
102.6	0.85142
102.7	0.33063
102.8	0.77378
102.9	0.48356
103	0.95735
103.1	0.18621
103.2	0.42419
103.3	0.72843
103.4	0.80886
103.5	0.5816
103.6	0.44397
103.7	0.23774
103.8	0.62202
103.9	0.18733
104	1.2468
104.1	0.47924
104.2	0.71045
104.3	0.71212
104.4	0.77768
104.5	0.37675
104.6	1.0274
104.7	0.57477
104.8	0.55627
104.9	0.56159
105	0.81778
105.1	0.82723
105.2	0.41209
105.3	-0.15136
105.4	0.17249
105.5	-0.091986
105.6	-0.0062065
105.7	0.53568
105.8	0.1362
105.9	0.8002
106	0.57381
106.1	0.17817
106.2	0.35489
106.3	0.6391
106.4	0.42559
106.5	0.12791
106.6	0.82685
106.7	0.39122
106.8	0.8437
106.9	0.66111
107	0.35048
107.1	0.20046
107.2	-0.012625
107.3	0.68956
107.4	0.66564
107.5	0.25413
107.6	0.066252
107.7	0.26431
107.8	-0.0064275
107.9	0.08853
108	0.10465
108.1	0.22142
108.2	0.15667
108.3	0.48677
108.4	-0.10275
108.5	0.50044
108.6	0.47488
108.7	0.29798
108.8	0.20752
108.9	-0.27428
109	0.32535
109.1	0.10429
109.2	-0.049906
109.3	0.25743
109.4	0.26309
109.5	0.67345
109.6	0.096254
109.7	-0.45093
109.8	-0.45266
109.9	-0.37078
110	-0.38667
110.1	-0.17908
110.2	0.25989
110.3	-0.21625
110.4	-0.26528
110.5	-0.54042
110.6	0.06439
110.7	-0.041727
110.8	-0.18859
110.9	-0.097303
111	-0.24876
111.1	0.066854
111.2	0.51413
111.3	-0.0039891
111.4	0.20085
111.5	-0.0012569
111.6	-0.13418
111.7	0.49538
111.8	-0.68974
111.9	-0.34286
112	0.20697
112.1	-0.2881
112.2	-0.061588
112.3	-0.36256
112.4	0.19199
112.5	0.016049
112.6	-0.42147
112.7	-0.35346
112.8	-0.46634
112.9	-0.088045
113	-1.01
113.1	-0.043361
113.2	-0.81752
113.3	-0.96065
113.4	-0.42068
113.5	0.043389
113.6	0.14493
113.7	0.045633
113.8	-0.8017
113.9	-0.10574
114	-0.55626
114.1	-1.1575
114.2	-0.071211
114.3	-0.7528
114.4	-0.80712
114.5	-0.95391
114.6	-0.54561
114.7	-0.062103
114.8	-0.90024
114.9	0.081436
115	-0.64699
115.1	-0.55542
115.2	-0.35063
115.3	-0.028012
115.4	-0.77266
115.5	0.028149
115.6	-0.37506
115.7	-0.96062
115.8	-0.99953
115.9	-0.78379
116	-0.74563
116.1	0.001954
116.2	-1.0363
116.3	0.30626
116.4	-1.4294
116.5	-0.69168
116.6	-0.73139
116.7	-0.54386
116.8	-0.50316
116.9	-0.90735
117	-0.52283
117.1	-1.1711
117.2	-0.9195
117.3	-0.21545
117.4	-0.39722
117.5	-0.99651
117.6	-0.23435
117.7	-0.75393
117.8	-0.69368
117.9	-0.57069
118	-0.66877
118.1	-0.032697
118.2	-0.71365
118.3	-0.69958
118.4	-0.83411
118.5	-1.1843
118.6	-0.64444
118.7	-0.60038
118.8	-0.60921
118.9	-0.59358
119	-0.4849
119.1	-1.0243
119.2	-0.63053
119.3	-0.62288
119.4	-0.94323
119.5	-0.82419
119.6	-1.0658
119.7	-0.71057
119.8	-0.9353
119.9	-0.26329
120	-0.70402
120.1	-0.94079
120.2	-1.0723
120.3	-1.659
120.4	-0.7974
120.5	-1.1049
120.6	-0.8048
120.7	-1.3307
120.8	-0.64922
120.9	-1.0888
121	-0.77139
121.1	-1.1272
121.2	-0.92302
121.3	-0.54318
121.4	-0.88995
121.5	-0.81752
121.6	-0.54322
121.7	-1.0556
121.8	-0.78837
121.9	-0.61001
122	-0.59147
122.1	-0.74711
122.2	-0.137
122.3	-1.3258
122.4	-1.2001
122.5	-0.86235
122.6	-1.0895
122.7	-0.80889
122.8	-1.3717
122.9	-0.93818
123	-0.70822
123.1	-1.2704
123.2	-1.0722
123.3	-1.5786
123.4	-1.2246
123.5	-0.88511
123.6	-0.59099
123.7	-0.60444
123.8	-0.90562
123.9	-1.1656
124	-1.416
124.1	-0.75051
124.2	-0.87587
124.3	-1.1592
124.4	-1.0656
124.5	-0.97172
124.6	-1.224
124.7	-1.1994
124.8	-1.0814
124.9	-1.1671
125	-0.58158
125.1	-0.92829
125.2	-0.82568
125.3	-0.35256
125.4	-1.1106
125.5	-1.0882
125.6	-1.3949
125.7	-0.85918
125.8	-1.1458
125.9	-1.2254
126	-0.80349
126.1	-1.413
126.2	-1.7725
126.3	-0.49501
126.4	-0.59705
126.5	-0.79457
126.6	-1.5477
126.7	-1.1162
126.8	-0.30747
126.9	-0.74677
127	-1.2071
127.1	-1.1575
127.2	-1.0968
127.3	-1.0781
127.4	-1.28
127.5	-0.38348
127.6	-0.68855
127.7	-0.86436
127.8	-0.51794
127.9	-1.2587
128	-0.95844
128.1	-0.93985
128.2	-1.3192
128.3	-0.76326
128.4	-1.0221
128.5	-0.57811
128.6	-0.74818
128.7	-1.1265
128.8	-0.52168
128.9	-0.59999
129	-0.67386
129.1	-0.67832
129.2	-1.0532
129.3	-1.3754
129.4	-0.73103
129.5	-0.66315
129.6	-0.62049
129.7	-1.2341
129.8	-1.0909
129.9	-0.67009
130	-0.68729
130.1	-0.64689
130.2	-1.1606
130.3	-0.6447
130.4	-0.7715
130.5	-0.66815
130.6	-1.6199
130.7	-1.1481
130.8	-0.40872
130.9	-0.5312
131	-1.366
131.1	-1.0773
131.2	-1.5585
131.3	-0.78727
131.4	-0.87583
131.5	-1.0432
131.6	-1.095
131.7	-1.0816
131.8	-1.3479
131.9	-1.2383
132	-0.66087
132.1	-0.73402
132.2	-0.45964
132.3	-0.63113
132.4	-0.82163
132.5	-0.87189
132.6	-1.1779
132.7	-0.9526
132.8	-0.80809
132.9	-0.85719
133	-1.289
133.1	-0.98968
133.2	-1.0581
133.3	-0.62172
133.4	-0.7387
133.5	-0.87322
133.6	-1.0154
133.7	-0.99882
133.8	-1.3663
133.9	-0.26968
134	-0.9647
134.1	-1.4097
134.2	-0.77221
134.3	-0.47953
134.4	-0.90657
134.5	-0.71725
134.6	-0.59815
134.7	-0.59416
134.8	-0.27169
134.9	-1.0536
135	-0.2218
135.1	-0.15023
135.2	-0.4153
135.3	-0.84628
135.4	-0.9269
135.5	-0.69934
135.6	-0.67487
135.7	-0.45029
135.8	-0.24848
135.9	-0.2321
136	-0.20759
136.1	-0.51736
136.2	-0.53891
136.3	-0.43918
136.4	-0.34202
136.5	-0.76939
136.6	-0.25706
136.7	-0.46626
136.8	-0.97445
136.9	-0.61587
137	-0.4005
137.1	-0.2823
137.2	-0.21946
137.3	-0.28909
137.4	-0.15705
137.5	-0.30965
137.6	-0.49205
137.7	-0.04097
137.8	-0.33453
137.9	-0.36424
138	-0.67909
138.1	-0.080153
138.2	-0.54161
138.3	-0.043561
138.4	-0.67821
138.5	-0.21404
138.6	-0.3939
138.7	-0.29092
138.8	-0.67391
138.9	-0.41261
139	0.05266
139.1	0.46646
139.2	-0.0071262
139.3	-0.76148
139.4	-0.33623
139.5	-0.060885
139.6	-0.38303
139.7	0.45192
139.8	-0.17468
139.9	0.23889
140	-0.051038
140.1	-0.1049
140.2	0.43326
140.3	-0.46797
140.4	-0.24621
140.5	-0.55822
140.6	0.0060019
140.7	0.062001
140.8	0.10289
140.9	0.27173
141	-0.42374
141.1	0.40178
141.2	-0.57127
141.3	0.15541
141.4	-0.57729
141.5	0.25551
141.6	0.09682
141.7	0.39396
141.8	0.24632
141.9	0.43941
142	-0.1156
142.1	-0.40394
142.2	-0.51886
142.3	0.70137
142.4	0.44268
142.5	0.34152
142.6	0.2804
142.7	-0.16146
142.8	0.18345
142.9	0.072246
143	0.29866
143.1	0.0023094
143.2	0.92331
143.3	-0.18207
143.4	0.43659
143.5	0.40847
143.6	0.13666
143.7	1.1491
143.8	0.10948
143.9	0.21158
144	0.91545
144.1	0.77776
144.2	-0.16787
144.3	0.6235
144.4	0.42583
144.5	0.47069
144.6	0.1495
144.7	-0.068702
144.8	-0.074254
144.9	-0.0070613
145	0.1729
145.1	0.010334
145.2	0.67592
145.3	0.45685
145.4	0.45944
145.5	0.035646
145.6	0.62923
145.7	-0.33387
145.8	0.23553
145.9	0.61617
146	1.0472
146.1	0.33102
146.2	0.72486
146.3	1.1471
146.4	0.2943
146.5	0.28011
146.6	1.1935
146.7	0.54334
146.8	0.85877
146.9	0.61745
147	0.75844
147.1	0.73931
147.2	0.6815
147.3	-0.27862
147.4	0.40746
147.5	0.43909
147.6	0.31881
147.7	0.35763
147.8	0.44659
147.9	0.24595
148	0.62869
148.1	0.38552
148.2	0.40246
148.3	0.1488
148.4	0.90982
148.5	0.099671
148.6	0.90049
148.7	0.66804
148.8	0.86675
148.9	0.48822
149	0.85206
149.1	0.98009
149.2	0.77276
149.3	0.76134
149.4	0.72824
149.5	0.68628
149.6	0.78199
149.7	0.63209
149.8	0.22699
149.9	1.0731
150	0.56738
150.1	0.73643
150.2	0.72315
150.3	0.96964
150.4	1.2358
150.5	0.13561
150.6	0.88386
150.7	0.68151
150.8	0.39797
150.9	0.70729
151	0.7725
151.1	1.4958
151.2	0.3926
151.3	1.4172
151.4	0.85132
151.5	1.0979
151.6	0.72459
151.7	0.5427
151.8	1.0613
151.9	1.1043
152	1.1496
152.1	0.80712
152.2	1.1807
152.3	0.8282
152.4	1.2879
152.5	0.9404
152.6	0.82664
152.7	0.39818
152.8	1.5985
152.9	1.1298
153	0.79352
153.1	0.98289
153.2	0.83049
153.3	0.74139
153.4	0.68664
153.5	0.46923
153.6	1.3521
153.7	1.2035
153.8	0.88814
153.9	0.8348
154	1.2544
154.1	0.40152
154.2	0.10206
154.3	0.70386
154.4	0.67554
154.5	1.3884
154.6	0.71339
154.7	0.4576
154.8	0.51573
154.9	0.82825
155	1.1878
155.1	0.20826
155.2	0.82526
155.3	0.75367
155.4	1.3356
155.5	1.6087
155.6	1.1516
155.7	1.2121
155.8	0.80019
155.9	0.68477
156	0.968
156.1	1.2213
156.2	1.6603
156.3	1.0775
156.4	0.70391
156.5	0.70599
156.6	0.66189
156.7	1.1923
156.8	1.1141
156.9	1.0442
157	1.1444
157.1	0.97194
157.2	0.83846
157.3	1.1312
157.4	1.1756
157.5	0.69052
157.6	0.30054
157.7	0.80125
157.8	0.65015
157.9	0.72645
158	1.2887
158.1	0.76721
158.2	0.96048
158.3	1.8542
158.4	0.99821
158.5	0.69146
158.6	1.0541
158.7	0.55426
158.8	0.75679
158.9	0.81965
159	0.98516
159.1	1.3418
159.2	1.0247
159.3	0.91693
159.4	1.0416
159.5	0.61059
159.6	1.0916
159.7	0.77732
159.8	1.1105
159.9	0.85374
160	0.68519
160.1	0.43778
160.2	0.99981
160.3	1.0878
160.4	0.77133
160.5	0.53251
160.6	0.58855
160.7	1.2444
160.8	0.70972
160.9	1.0129
161	0.91934
161.1	1.2193
161.2	0.7508
161.3	0.91817
161.4	1.4283
161.5	1.1254
161.6	1.5568
161.7	0.9655
161.8	1.098
161.9	1.2186
162	1.1748
162.1	0.59646
162.2	0.25488
162.3	1.0417
162.4	0.60653
162.5	1.4961
162.6	1.0147
162.7	1.0577
162.8	1.0592
162.9	1.1818
163	0.73965
163.1	0.80444
163.2	0.88527
163.3	1.1305
163.4	0.9548
163.5	0.64443
163.6	1.0813
163.7	0.87243
163.8	0.48182
163.9	0.78568
164	0.43029
164.1	0.54062
164.2	0.93575
164.3	0.17808
164.4	0.31483
164.5	1.1576
164.6	0.85742
164.7	0.91732
164.8	1.0305
164.9	1.0859
165	0.79294
165.1	0.94972
165.2	0.46187
165.3	0.59172
165.4	0.57475
165.5	0.46113
165.6	0.50103
165.7	0.78576
165.8	0.57403
165.9	0.68196
166	0.50917
166.1	0.63888
166.2	0.89963
166.3	0.087784
166.4	1.0053
166.5	0.75965
166.6	1.0074
166.7	0.88996
166.8	0.18932
166.9	0.51663
167	0.40619
167.1	0.10727
167.2	1.0091
167.3	0.41667
167.4	0.4411
167.5	0.78213
167.6	0.45543
167.7	0.44904
167.8	0.61658
167.9	0.6677
168	0.70539
168.1	0.62875
168.2	0.69355
168.3	0.31413
168.4	-0.10241
168.5	1.0075
168.6	0.22856
168.7	0.87109
168.8	0.852
168.9	0.65037
169	0.57453
169.1	0.42058
169.2	0.297
169.3	0.21182
169.4	0.14153
169.5	0.14712
169.6	0.82337
169.7	-0.31347
169.8	0.23251
169.9	0.16524
170	0.5496
170.1	0.3443
170.2	-0.033014
170.3	0.63398
170.4	0.71283
170.5	0.31245
170.6	0.25253
170.7	0.32115
170.8	0.061724
170.9	0.60518
171	-0.37916
171.1	0.61132
171.2	-0.075067
171.3	-0.098293
171.4	0.18678
171.5	0.23087
171.6	0.28318
171.7	0.29053
171.8	-0.30405
171.9	0.29943
172	0.28382
172.1	0.28046
172.2	0.11235
172.3	0.13835
172.4	-0.2148
172.5	0.02542
172.6	0.25886
172.7	-0.43953
172.8	-0.11927
172.9	-0.40912
173	0.3802
173.1	0.10577
173.2	0.34813
173.3	-0.16276
173.4	0.10613
173.5	0.10978
173.6	0.22759
173.7	-0.016955
173.8	0.057495
173.9	-0.60176
174	0.24737
174.1	-0.27931
174.2	-0.34521
174.3	-0.65012
174.4	-0.13102
174.5	-0.147
174.6	-0.075003
174.7	0.0021171
174.8	-0.29037
174.9	0.11253
175	-0.35536
175.1	-0.59209
175.2	-0.3626
175.3	-0.45668
175.4	-0.21047
175.5	-0.13925
175.6	-0.61596
175.7	-0.19882
175.8	-0.45035
175.9	-0.034339
176	-0.5351
176.1	-0.35122
176.2	-0.48692
176.3	-0.4216
176.4	-0.19589
176.5	-0.58372
176.6	-0.78704
176.7	-0.67596
176.8	-0.79486
176.9	-0.25729
177	-0.34774
177.1	-0.19699
177.2	-0.66166
177.3	-0.33235
177.4	-0.61855
177.5	-0.27142
177.6	-0.29241
177.7	-0.41337
177.8	0.095987
177.9	-0.80835
178	-0.56216
178.1	-0.50468
178.2	-0.45898
178.3	-0.30031
178.4	-0.10224
178.5	-0.7406
178.6	-0.49988
178.7	-1.1618
178.8	-1.0607
178.9	-0.5337
179	-0.58863
179.1	-0.77836
179.2	-1.0698
179.3	-0.72026
179.4	-0.28503
179.5	-0.51426
179.6	-0.88052
179.7	-0.64979
179.8	-0.32086
179.9	-0.4468
180	-1.3458
180.1	-0.59711
180.2	-0.43741
180.3	-0.73086
180.4	-1.0334
180.5	-0.65037
180.6	-0.57214
180.7	-0.85279
180.8	-0.81323
180.9	-0.72838
181	-0.59931
181.1	-0.63188
181.2	-0.55422
181.3	-0.84106
181.4	-1.0189
181.5	-0.52281
181.6	-0.57194
181.7	-1.0486
181.8	-0.63773
181.9	-0.59891
182	-0.9924
182.1	-0.38503
182.2	-0.7627
182.3	-1.2327
182.4	-0.72623
182.5	-0.48168
182.6	-1.0491
182.7	-0.91158
182.8	-0.43244
182.9	-0.61184
183	-0.92707
183.1	-0.98296
183.2	-0.7321
183.3	-0.72349
183.4	-0.77875
183.5	-1.0914
183.6	-0.85869
183.7	-0.735
183.8	-0.45247
183.9	-0.48973
184	-0.94364
184.1	-0.98749
184.2	-1.0045
184.3	-0.33685
184.4	-0.58924
184.5	-0.37668
184.6	-0.88228
184.7	-0.69961
184.8	-1.4385
184.9	-1.3204
185	-0.89825
185.1	-1.2209
185.2	-1.4173
185.3	-1.0142
185.4	-0.64387
185.5	-1.1184
185.6	-1.034
185.7	-0.27916
185.8	-0.44676
185.9	-1.1983
186	-0.96484
186.1	-1.6428
186.2	-0.82162
186.3	-0.94752
186.4	-0.86417
186.5	-0.57667
186.6	-0.81025
186.7	-1.407
186.8	-1.4714
186.9	-0.93193
187	-1.1776
187.1	-1.2734
187.2	-1.6657
187.3	-1.2139
187.4	-0.7383
187.5	-1.1915
187.6	-0.99764
187.7	-1.1884
187.8	-0.9298
187.9	-1.0392
188	-0.63058
188.1	-1.3234
188.2	-0.89017
188.3	-0.95445
188.4	-1.5249
