0	-0.45914
0.1	-0.92984
0.2	-0.51138
0.3	-1.269
0.4	-1.149
0.5	-0.47846
0.6	-1.4059
0.7	-1.3887
0.8	-0.39782
0.9	-0.70058
1	-0.92444
1.1	-0.97486
1.2	-0.65814
1.3	-0.79654
1.4	-0.7646
1.5	-0.55792
1.6	-0.60147
1.7	-0.9137
1.8	-1.3886
1.9	-0.57091
2	-1.2805
2.1	-1.726
2.2	-0.86183
2.3	-0.92897
2.4	-1.1479
2.5	-0.92416
2.6	-0.55081
2.7	-0.86031
2.8	-1.0473
2.9	-0.92683
3	-1.453
3.1	-1.399
3.2	-1.27
3.3	-1.2893
3.4	-0.28051
3.5	-0.76809
3.6	-0.63943
3.7	-1.0191
3.8	-1.1482
3.9	-0.68579
4	-0.79823
4.1	-1.0444
4.2	-1.4509
4.3	-0.28244
4.4	-0.29864
4.5	-1.2216
4.6	-0.5217
4.7	-0.97999
4.8	-1.0728
4.9	-1.1938
5	-1.0148
5.1	-0.82285
5.2	-1.2983
5.3	-0.82839
5.4	-1.3186
5.5	-0.90401
5.6	-1.1344
5.7	-0.46537
5.8	-1.0472
5.9	-0.89853
6	-0.69708
6.1	-0.88195
6.2	-0.98707
6.3	-1.3378
6.4	-0.92032
6.5	-0.45378
6.6	-0.66435
6.7	-1.1316
6.8	-0.49086
6.9	-0.81272
7	-0.5429
7.1	-0.71284
7.2	-1.4478
7.3	-1.0651
7.4	-0.2594
7.5	-0.78872
7.6	-0.90837
7.7	-0.63617
7.8	-0.53861
7.9	-0.92194
8	-0.60491
8.1	-1.0697
8.2	-0.88723
8.3	-0.86255
8.4	-0.61089
8.5	-0.085005
8.6	-0.4735
8.7	-0.91824
8.8	-1.1407
8.9	-0.86453
9	-0.17343
9.1	-0.45728
9.2	-0.93204
9.3	-0.19802
9.4	-0.84349
9.5	-0.59265
9.6	-0.78405
9.7	-0.56917
9.8	-0.76268
9.9	-0.77139
10	-0.76307
10.1	0.078441
10.2	-1.1251
10.3	-0.20789
10.4	-0.6452
10.5	-0.33223
10.6	-0.17855
10.7	-0.92016
10.8	-0.24916
10.9	-0.5389
11	-0.76278
11.1	-0.45423
11.2	-0.4633
11.3	-0.33427
11.4	-0.2965
11.5	-0.50011
11.6	-0.17483
11.7	-0.29782
11.8	0.0013119
11.9	0.055491
12	-0.50953
12.1	-0.436
12.2	-0.022608
12.3	0.27394
12.4	0.06443
12.5	-0.3156
12.6	-0.24232
12.7	0.18656
12.8	-0.62349
12.9	-0.3509
13	-0.50505
13.1	0.16127
13.2	-0.6233
13.3	-0.39484
13.4	-0.21062
13.5	-0.11995
13.6	-0.32833
13.7	-0.50433
13.8	-0.289
13.9	-0.27754
14	-0.52551
14.1	-0.56157
14.2	-0.089053
14.3	0.068041
14.4	0.029697
14.5	-0.12054
14.6	-0.29851
14.7	-0.59827
14.8	-0.39344
14.9	-0.26708
15	-0.16
15.1	0.012175
15.2	0.015445
15.3	0.20476
15.4	0.071344
15.5	-0.44111
15.6	0.22225
15.7	-0.32598
15.8	-0.13563
15.9	-0.20559
16	0.21462
16.1	-0.49448
16.2	0.22174
16.3	-0.17025
16.4	-0.19768
16.5	-0.33113
16.6	-0.1718
16.7	-0.28263
16.8	-0.17564
16.9	0.45843
17	0.058188
17.1	-0.19348
17.2	0.48927
17.3	0.32678
17.4	0.269
17.5	0.00067941
17.6	0.37601
17.7	-0.0099933
17.8	-0.041884
17.9	0.021829
18	0.077173
18.1	0.38169
18.2	0.50471
18.3	-0.35619
18.4	0.11497
18.5	-0.1702
18.6	0.63436
18.7	0.76476
18.8	0.097535
18.9	0.56321
19	0.47845
19.1	0.43918
19.2	0.60887
19.3	0.5676
19.4	0.42268
19.5	0.14214
19.6	0.82599
19.7	0.081137
19.8	0.36603
19.9	0.29804
20	0.71318
20.1	0.77867
20.2	0.82055
20.3	0.86402
20.4	0.025345
20.5	0.56923
20.6	0.47256
20.7	0.28934
20.8	0.54206
20.9	0.40149
21	0.1329
21.1	0.2715
21.2	0.23203
21.3	0.26033
21.4	0.49868
21.5	0.60642
21.6	0.26045
21.7	0.097797
21.8	0.25516
21.9	0.76198
22	0.84696
22.1	0.1689
22.2	0.70892
22.3	0.47564
22.4	0.33959
22.5	0.71205
22.6	0.21771
22.7	0.22906
22.8	0.53516
22.9	-0.038691
23	0.4212
23.1	0.26961
23.2	0.14409
23.3	0.4204
23.4	0.7057
23.5	0.60591
23.6	1.3669
23.7	0.66287
23.8	0.45462
23.9	0.94073
24	0.92064
24.1	0.45845
24.2	0.71306
24.3	0.40217
24.4	0.64955
24.5	0.67119
24.6	1.4054
24.7	0.98399
24.8	0.432
24.9	0.3591
25	0.58427
25.1	0.9079
25.2	1.3727
25.3	0.63213
25.4	0.77032
25.5	0.35164
25.6	1.1959
25.7	1.0167
25.8	1.1089
25.9	1.0704
26	0.22958
26.1	1.1976
26.2	0.84609
26.3	0.6863
26.4	0.73766
26.5	1.207
26.6	1.4564
26.7	1.1949
26.8	1.4381
26.9	0.73602
27	0.44528
27.1	0.78981
27.2	0.58737
27.3	0.58292
27.4	0.80647
27.5	0.47355
27.6	0.65531
27.7	0.89759
27.8	0.96806
27.9	0.70027
28	0.86156
28.1	0.93568
28.2	0.84021
28.3	1.1616
28.4	0.68208
28.5	1.0937
28.6	1.411
28.7	1.4641
28.8	0.8085
28.9	1.1186
29	0.67696
29.1	1.1138
29.2	0.47391
29.3	0.46011
29.4	0.70352
29.5	0.43121
29.6	1.1336
29.7	1.0065
29.8	1.2834
29.9	1.0807
30	1.1851
30.1	0.69527
30.2	1.2528
30.3	0.98548
30.4	0.79744
30.5	1.3373
30.6	1.2204
30.7	0.94116
30.8	1.0811
30.9	0.88584
31	0.74506
31.1	1.0623
31.2	0.91835
31.3	0.88295
31.4	1.1087
31.5	0.85686
31.6	0.90173
31.7	1.4996
31.8	0.31769
31.9	0.76902
32	0.61729
32.1	1.6087
32.2	0.91995
32.3	1.4874
32.4	1.0487
32.5	1.0126
32.6	0.63976
32.7	0.66976
32.8	0.96918
32.9	0.80204
33	1.6077
33.1	0.64308
33.2	1.4015
33.3	1.1098
33.4	0.87815
33.5	0.66804
33.6	0.75188
33.7	0.7705
33.8	0.5667
33.9	1.4267
34	0.72245
34.1	0.59903
34.2	0.96657
34.3	0.96472
34.4	0.5408
34.5	0.81046
34.6	1.0227
34.7	1.3326
34.8	0.83797
34.9	1.2165
35	0.45082
35.1	0.81102
35.2	0.98085
35.3	0.20001
35.4	0.98905
35.5	0.73067
35.6	0.58024
35.7	1.2622
35.8	0.99374
35.9	0.67516
36	0.78629
36.1	0.45988
36.2	0.57183
36.3	1.2928
36.4	1.4801
36.5	1.1012
36.6	0.64751
36.7	0.96664
36.8	0.69574
36.9	0.64189
37	1.1446
37.1	1.4408
37.2	0.92002
37.3	1.1267
37.4	0.61738
37.5	0.74017
37.6	0.71316
37.7	1.2069
37.8	0.66878
37.9	0.80409
38	0.97229
38.1	0.65581
38.2	0.50015
38.3	0.70607
38.4	0.55063
38.5	0.59631
38.6	1.0152
38.7	0.71279
38.8	0.98591
38.9	0.32413
39	0.6967
39.1	0.34607
39.2	0.70807
39.3	0.35276
39.4	0.79435
39.5	0.93973
39.6	0.55522
39.7	0.7255
39.8	0.92589
39.9	0.8577
40	0.66759
40.1	0.14931
40.2	0.50377
40.3	0.033321
40.4	0.51033
40.5	0.87951
40.6	0.7492
40.7	1.3271
40.8	0.5332
40.9	0.79522
41	0.60744
41.1	0.28538
41.2	0.56772
41.3	0.37898
41.4	0.26502
41.5	0.35235
41.6	0.46456
41.7	1.3093
41.8	0.34893
41.9	0.29142
42	0.27316
42.1	0.48112
42.2	0.81704
42.3	0.11562
42.4	-0.28138
42.5	0.4204
42.6	0.73604
42.7	-0.29625
42.8	0.65027
42.9	0.78514
43	0.45307
43.1	-0.19628
43.2	0.3884
43.3	0.54243
43.4	0.61342
43.5	0.56721
43.6	0.56513
43.7	0.67336
43.8	-0.033211
43.9	0.62717
44	-0.21979
44.1	0.31383
44.2	0.38631
44.3	0.60736
44.4	-0.024465
44.5	0.31396
44.6	0.65028
44.7	0.35813
44.8	0.45697
44.9	0.21104
45	0.032186
45.1	0.50314
45.2	0.3729
45.3	0.5079
45.4	0.035414
45.5	0.17809
45.6	0.46555
45.7	-0.17757
45.8	0.30182
45.9	0.26418
46	0.57793
46.1	0.69266
46.2	0.48503
46.3	-0.25534
46.4	-0.41862
46.5	-0.34018
46.6	0.26977
46.7	-0.11654
46.8	-0.28919
46.9	-0.034058
47	-0.018909
47.1	-0.40612
47.2	-0.00012483
47.3	-0.34458
47.4	-0.27825
47.5	0.23326
47.6	-0.20816
47.7	-0.26714
47.8	0.38244
47.9	0.23077
48	0.042959
48.1	-0.0038963
48.2	-0.37967
48.3	-0.32174
48.4	0.10832
48.5	-0.11911
48.6	-0.30941
48.7	0.46426
48.8	-0.34371
48.9	-0.37713
49	-0.33491
49.1	-0.91214
49.2	-0.049163
49.3	0.10129
49.4	-0.064563
49.5	-0.59589
49.6	-0.61834
49.7	0.0068255
49.8	-0.45599
49.9	0.072206
50	-0.62391
50.1	-0.13223
50.2	-0.59183
50.3	-0.47263
50.4	-0.52504
50.5	0.044471
50.6	-0.10044
50.7	-0.29182
50.8	0.026886
50.9	-0.65608
51	-0.8926
51.1	-0.25638
51.2	-0.37822
51.3	-0.38515
51.4	-0.69238
51.5	-0.21139
51.6	-0.28317
51.7	-0.8385
51.8	-0.46401
51.9	-0.097005
52	-0.49628
52.1	0.13039
52.2	-0.46452
52.3	-0.56875
52.4	-0.88798
52.5	-0.50586
52.6	-0.34143
52.7	0.03689
52.8	-0.78073
52.9	-0.60909
53	-0.53113
53.1	-0.46206
53.2	-0.44188
53.3	-0.1351
53.4	-0.37394
53.5	-0.76323
53.6	0.11768
53.7	-0.77644
53.8	-0.49172
53.9	-0.17925
54	-0.16669
54.1	-0.94505
54.2	-0.70156
54.3	-0.88978
54.4	-0.7069
54.5	-0.71903
54.6	-1.0617
54.7	-0.57349
54.8	-0.56836
54.9	-0.75996
55	-0.84244
55.1	-0.81715
55.2	-1.3876
55.3	-1.0816
55.4	-1.0095
55.5	-0.69758
55.6	-0.68278
55.7	-0.88215
55.8	-0.58757
55.9	-0.69351
56	-0.51946
56.1	-0.79372
56.2	-0.7597
56.3	-0.60787
56.4	-0.791
56.5	-0.48518
56.6	-0.99862
56.7	-0.68004
56.8	-0.86855
56.9	-0.69879
57	-1.0855
57.1	-0.6007
57.2	-1.5677
57.3	-1.0586
57.4	-0.20679
57.5	-0.36456
57.6	-0.84554
57.7	-1.1739
57.8	-1.051
57.9	-1.086
58	-0.71724
58.1	-0.39657
58.2	-0.93529
58.3	-0.91494
58.4	-0.9511
58.5	-0.53288
58.6	-0.99567
58.7	-0.82118
58.8	-1.2208
58.9	-0.70287
59	-1.3009
59.1	-0.79405
59.2	-1.2159
59.3	-0.0017726
59.4	-0.86679
59.5	-1.1886
59.6	-1.0084
59.7	-0.5687
59.8	-0.94968
59.9	-1.4259
60	-0.71863
60.1	-1.0225
60.2	-1.248
60.3	-0.54715
60.4	-0.91153
60.5	-1.2928
60.6	-0.47932
60.7	-0.64419
60.8	-1.3738
60.9	-0.91297
61	-0.74895
61.1	-1.2129
61.2	-0.86486
61.3	-1.0246
61.4	-1.0537
61.5	-1.3022
61.6	-0.58864
61.7	-0.84934
61.8	-1.0068
61.9	-0.93556
62	-0.57041
62.1	-1.0662
62.2	-1.2051
62.3	-0.87783
62.4	-0.72736
62.5	-1.1147
62.6	-1.3848
62.7	-1.5141
62.8	-1.3396
62.9	-0.53944
63	-0.70293
63.1	-1.3508
63.2	-1.0558
63.3	-0.90571
63.4	-1.1968
63.5	-0.89865
63.6	-1.2121
63.7	-1.3299
63.8	-1.2833
63.9	-0.81067
64	-1.1228
64.1	-1.1071
64.2	-1.0018
64.3	-1.282
64.4	-1.1494
64.5	-0.78937
64.6	-0.68634
64.7	-0.99169
64.8	-0.91176
64.9	-1.2111
65	-1.1209
65.1	-1.0963
65.2	-0.81497
65.3	-1.044
65.4	-0.62352
65.5	-1.2711
65.6	-0.87125
65.7	-1.153
65.8	-0.94835
65.9	-0.91701
66	-1.594
66.1	-1.0095
66.2	-1.1517
66.3	-0.35011
66.4	-0.62311
66.5	-0.98308
66.6	-1.1038
66.7	-0.99127
66.8	-0.85027
66.9	-0.61202
67	-0.94146
67.1	-0.65851
67.2	-0.99531
67.3	-0.55532
67.4	-1.031
67.5	-1.2258
67.6	-0.54623
67.7	-0.60391
67.8	-1.0353
67.9	-1.0512
68	-0.45498
68.1	-0.95571
68.2	-0.80071
68.3	-0.50654
68.4	-0.83905
68.5	-1.1302
68.6	-0.92014
68.7	-0.48537
68.8	-1.0383
68.9	-0.47912
69	-0.86316
69.1	-1.1004
69.2	-1.0718
69.3	-0.52517
69.4	-0.69224
69.5	-0.70457
69.6	-1.2243
69.7	-0.41495
69.8	-0.80624
69.9	-0.63562
70	-0.35116
70.1	-1.0965
70.2	-0.61204
70.3	-1.1327
70.4	-1.3039
70.5	-0.33312
70.6	-0.69018
70.7	-0.57677
70.8	-1.0005
70.9	-0.5856
71	-0.9211
71.1	-0.53208
71.2	-0.92894
71.3	-0.5499
71.4	0.16186
71.5	-0.39761
71.6	-0.78032
71.7	-0.7024
71.8	-1.0793
71.9	-0.58345
72	-0.29103
72.1	-0.25333
72.2	-0.78302
72.3	-0.474
72.4	-0.48421
72.5	-0.5511
72.6	-0.77131
72.7	-0.76857
72.8	-0.54167
72.9	-0.66018
73	-0.65441
73.1	-0.35794
73.2	-0.29464
73.3	-0.517
73.4	-0.39847
73.5	-0.10846
73.6	-0.64941
73.7	-0.35412
73.8	-0.30618
73.9	-0.52085
74	-0.50913
74.1	-0.43542
74.2	-0.64715
74.3	0.0304
74.4	-0.40071
74.5	-0.6224
74.6	-0.48073
74.7	0.062723
74.8	-0.90079
74.9	-0.19948
75	-0.091182
75.1	-0.11365
75.2	-0.73964
75.3	0.21926
75.4	-0.40033
75.5	-0.21236
75.6	-0.47553
75.7	-0.29478
75.8	-0.68209
75.9	-0.37051
76	-0.49234
76.1	-0.32356
76.2	-0.12982
76.3	-0.20409
76.4	0.073121
76.5	-0.17037
76.6	-1.0108
76.7	-0.33065
76.8	0.16225
76.9	0.15168
77	0.44195
77.1	-0.36605
77.2	0.26835
77.3	-0.07249
77.4	0.098356
77.5	-0.008779
77.6	0.035777
77.7	-0.015814
77.8	-0.20588
77.9	-0.77727
78	-0.42568
78.1	-0.50775
78.2	-0.17766
78.3	-0.76314
78.4	0.090762
78.5	0.28741
78.6	-0.4414
78.7	-0.020049
78.8	-0.12695
78.9	-0.10632
79	0.28627
79.1	-0.011611
79.2	-0.1058
79.3	-0.25441
79.4	0.11739
79.5	0.18377
79.6	0.13771
79.7	0.22172
79.8	0.34538
79.9	0.444
80	-0.031282
80.1	0.18174
80.2	0.30234
80.3	0.19107
80.4	0.28788
80.5	-0.112
80.6	0.39181
80.7	0.069095
80.8	0.17028
80.9	0.81828
81	0.21886
81.1	0.34458
81.2	-0.4791
81.3	0.53882
81.4	0.76336
81.5	-0.055025
81.6	0.2342
81.7	0.08818
81.8	-0.28164
81.9	-0.077776
82	0.32593
82.1	0.35486
82.2	0.56522
82.3	0.2645
82.4	0.27657
82.5	0.85215
82.6	0.17612
82.7	0.16162
82.8	0.56494
82.9	0.58996
83	0.42124
83.1	0.44581
83.2	0.24491
83.3	0.82551
83.4	0.52938
83.5	0.70173
83.6	0.82119
83.7	0.7064
83.8	-0.11977
83.9	0.83427
84	0.3577
84.1	0.5572
84.2	0.58737
84.3	0.0311
84.4	1.0087
84.5	0.65415
84.6	0.77933
84.7	0.53593
84.8	0.74248
84.9	0.58402
85	0.52067
85.1	0.92913
85.2	0.59818
85.3	0.2978
85.4	0.80392
85.5	0.40956
85.6	0.46439
85.7	0.49124
85.8	0.99863
85.9	0.71373
86	0.3457
86.1	0.58839
86.2	0.87142
86.3	0.64686
86.4	0.56166
86.5	0.071788
86.6	0.36291
86.7	0.72442
86.8	0.19262
86.9	0.59844
87	0.59458
87.1	0.54953
87.2	0.4793
87.3	1.0212
87.4	0.26679
87.5	0.99855
87.6	0.69781
87.7	0.71173
87.8	0.98855
87.9	0.95274
88	1.7478
88.1	0.39726
88.2	1.0592
88.3	1.1569
88.4	1.039
88.5	0.90128
88.6	1.0317
88.7	0.015465
88.8	1.0926
88.9	0.97295
89	1.1469
89.1	0.77029
89.2	0.89442
89.3	0.85594
89.4	0.44293
89.5	1.3767
89.6	0.27897
89.7	0.91137
89.8	0.678
89.9	1.1293
90	0.93343
90.1	0.26365
90.2	1.3323
90.3	0.69687
90.4	0.4938
90.5	0.69877
90.6	1.1154
90.7	0.83188
90.8	0.10543
90.9	1.3784
91	0.8466
91.1	1.2482
91.2	1.2792
91.3	1.0953
91.4	0.98866
91.5	1.3913
91.6	0.53461
91.7	0.77041
91.8	0.58425
91.9	0.83112
92	0.52935
92.1	1.3737
92.2	1.0303
92.3	1.1421
92.4	1.1634
92.5	1.4905
92.6	0.7889
92.7	0.57135
92.8	0.65456
92.9	1.1556
93	1.0441
93.1	1.0773
93.2	1.0616
93.3	0.90619
93.4	0.48027
93.5	1.0568
93.6	1.4792
93.7	0.64313
93.8	1.3022
93.9	1.4126
94	0.74744
94.1	0.99191
94.2	1.0787
94.3	1.3298
94.4	1.3285
94.5	1.0382
94.6	1.0402
94.7	0.83609
94.8	1.0554
94.9	0.46743
95	1.155
95.1	1.6875
95.2	1.3333
95.3	0.54714
95.4	1.3832
95.5	0.49293
95.6	1.3713
95.7	1.0062
95.8	0.54048
95.9	0.65678
96	1.0447
96.1	1.2712
96.2	0.74918
96.3	0.6411
96.4	0.77693
96.5	1.1963
96.6	1.2408
96.7	0.99355
96.8	1.4029
96.9	0.92914
97	1.1501
97.1	0.67569
97.2	1.0411
97.3	1.0241
97.4	0.81369
97.5	0.83971
97.6	1.1427
97.7	1.2127
97.8	0.58643
97.9	0.77229
98	1.3434
98.1	1.1084
98.2	1.5314
98.3	0.81335
98.4	0.86206
98.5	0.84968
98.6	0.85907
98.7	1.2483
98.8	1.2089
98.9	2.1208
99	1.2929
99.1	0.24901
99.2	0.68062
99.3	0.95619
99.4	0.6578
99.5	0.76702
99.6	0.83302
99.7	0.72137
99.8	0.3063
99.9	0.85163
100	0.54403
100.1	0.92382
100.2	0.074985
100.3	0.8655
100.4	0.76439
100.5	0.92004
100.6	0.64506
100.7	0.47122
100.8	0.74388
100.9	0.85494
101	0.51258
101.1	0.44579
101.2	0.6354
101.3	0.25046
101.4	0.20619
101.5	0.18258
101.6	0.83783
101.7	0.78679
101.8	0.74586
101.9	1.6899
102	0.84945
102.1	0.89798
102.2	0.64303
102.3	0.20609
102.4	1.0785
102.5	1.0279
102.6	0.80661
102.7	0.052392
102.8	0.86209
102.9	0.74942
103	1.2807
103.1	0.65214
103.2	0.41784
103.3	0.33602
103.4	0.51844
103.5	0.4703
103.6	0.91696
103.7	1.2644
103.8	0.20953
103.9	0.51221
104	0.49712
104.1	0.016574
104.2	0.59694
104.3	0.38455
104.4	0.34406
104.5	0.87347
104.6	0.70818
104.7	0.28354
104.8	0.75331
104.9	0.37343
105	0.28977
105.1	0.46201
105.2	0.1533
105.3	0.32739
105.4	0.28495
105.5	0.3461
105.6	0.38567
105.7	1.005
105.8	0.63519
105.9	0.24725
106	0.66765
106.1	0.62315
106.2	0.65292
106.3	0.37236
106.4	-0.054799
106.5	0.52491
106.6	0.43866
106.7	0.020706
106.8	0.87204
106.9	0.1969
107	0.54172
107.1	-0.023135
107.2	0.69427
107.3	0.18153
107.4	0.093542
107.5	0.49835
107.6	0.16314
107.7	0.73453
107.8	0.7645
107.9	0.24053
108	0.93838
108.1	0.0051979
108.2	-0.076473
108.3	-0.21804
108.4	-0.21734
108.5	0.27156
108.6	0.011474
108.7	0.35347
108.8	0.20704
108.9	-0.084392
109	-0.038101
109.1	-0.17147
109.2	0.13846
109.3	-0.0061346
109.4	0.30373
109.5	-0.86298
109.6	0.58437
109.7	-0.31166
109.8	0.26408
109.9	-0.55161
110	0.19367
110.1	-0.37664
110.2	0.67778
110.3	-0.023511
110.4	-0.01449
110.5	-0.29282
110.6	-0.17902
110.7	-0.06439
110.8	-0.077187
110.9	-0.14631
111	-0.5043
111.1	-0.46527
111.2	0.005515
111.3	-0.0056077
111.4	-0.39691
111.5	0.36507
111.6	-0.15641
111.7	0.26554
111.8	-0.39249
111.9	0.2875
112	-0.12571
112.1	-0.016524
112.2	-0.60527
112.3	-0.20693
112.4	0.32213
112.5	-0.2445
112.6	-0.23681
112.7	0.011382
112.8	-0.069169
112.9	-0.31641
113	-0.20996
113.1	-0.087361
113.2	-0.31691
113.3	-0.63439
113.4	0.0041396
113.5	-0.27876
113.6	-0.33564
113.7	-0.024576
113.8	-0.91081
113.9	-0.021482
114	-0.34226
114.1	-0.2511
114.2	-0.12541
114.3	-0.89902
114.4	0.14821
114.5	-0.47933
114.6	-1.1295
114.7	-0.94928
114.8	-0.083883
114.9	-0.42049
115	-0.49948
115.1	-0.39864
115.2	-0.79352
115.3	-0.39984
115.4	-0.67097
115.5	-0.44799
115.6	-0.054781
115.7	-0.35392
115.8	-0.13048
115.9	-0.20656
116	-0.5382
116.1	-0.62769
116.2	-0.37136
116.3	-0.94309
116.4	-0.6397
116.5	-0.44622
116.6	-0.44958
116.7	-0.80699
116.8	-0.56387
116.9	-0.63767
117	-0.99458
117.1	-0.93026
117.2	-0.79282
117.3	-0.34968
117.4	-0.46005
117.5	-0.28758
117.6	-0.42796
117.7	-0.59847
117.8	-0.69691
117.9	-0.65171
118	-0.3283
118.1	-0.64675
118.2	-0.42694
118.3	-0.75104
118.4	-1.3748
118.5	-0.84901
118.6	-0.72084
118.7	-0.96668
118.8	-0.78758
118.9	-1.2311
119	-0.98807
119.1	-1.0323
119.2	-0.86674
119.3	-0.66622
119.4	-0.64023
119.5	-0.50198
119.6	-0.51916
119.7	-0.95807
119.8	-0.37253
119.9	-0.81044
120	-1.1404
120.1	-1.1321
120.2	-1.1412
120.3	-1.2455
120.4	-0.47587
120.5	-0.94846
120.6	-0.57076
120.7	-1.0334
120.8	-0.45544
120.9	-0.78449
121	-1.1766
121.1	-0.6583
121.2	-0.72086
121.3	-1.3741
121.4	-1.3292
121.5	-0.87295
121.6	-1.1292
121.7	-1.0786
121.8	-0.69705
121.9	-0.84045
122	-0.61781
122.1	-0.84844
122.2	-0.503
122.3	-1.0496
122.4	-0.90483
122.5	-0.96951
122.6	-0.9136
122.7	-1.2839
122.8	-0.75064
122.9	-1.1537
123	-1.2682
123.1	-0.19842
123.2	-1.2808
123.3	-1.661
123.4	-1.062
123.5	-1.2402
123.6	-0.43621
123.7	-0.82832
123.8	-0.8999
123.9	-1.1059
124	-1.0037
124.1	-1.5306
124.2	-1.1866
124.3	-0.66047
124.4	-1.3521
124.5	-1.2265
124.6	-0.84098
124.7	-0.89997
124.8	-0.76118
124.9	-0.71796
125	-1.0966
125.1	-0.28648
125.2	-1.04
125.3	-0.73353
125.4	-1.0401
125.5	-0.92205
125.6	-1.436
125.7	-0.88838
125.8	-1.0887
125.9	-1.4428
126	-0.91581
126.1	-1.6939
126.2	-0.8832
126.3	-0.69291
126.4	-1.1827
126.5	-0.86794
126.6	-0.90031
126.7	-1.1948
126.8	-0.96767
126.9	-1.3479
127	-0.78493
127.1	-0.69675
127.2	-0.99698
127.3	-1.1454
127.4	-0.38872
127.5	-1.5016
127.6	-0.5502
127.7	-0.71269
127.8	-0.6392
127.9	-0.58224
128	-1.7263
128.1	-0.82934
128.2	-0.95638
128.3	-0.95397
128.4	-1.1802
128.5	-1.4467
128.6	-1.2471
128.7	-0.84252
128.8	-0.93332
128.9	-0.77134
129	-0.71033
129.1	-1.2749
129.2	-0.94261
129.3	-0.78317
129.4	-1.1788
129.5	-0.48899
129.6	-0.65999
129.7	-1.0332
129.8	-0.88802
129.9	-0.72535
130	-1.1038
130.1	-1.469
130.2	-0.77001
130.3	-0.87325
130.4	-1.2531
130.5	-0.47597
130.6	-0.72337
130.7	-0.89109
130.8	-0.70007
130.9	-0.83637
131	-1.0441
131.1	-1.3699
131.2	-0.97921
131.3	-0.74115
131.4	-1.1354
131.5	-1.1397
131.6	-0.42298
131.7	-0.61873
131.8	-0.60094
131.9	-1.4563
132	-0.97117
132.1	-0.43593
132.2	-0.69213
132.3	-1.4011
132.4	-0.51528
132.5	-0.74848
132.6	-0.45316
132.7	-1.2864
132.8	-0.48425
132.9	-0.87749
133	-0.60983
133.1	-1.3349
133.2	-0.57017
133.3	-1.4384
133.4	-0.61983
133.5	-0.70666
133.6	-0.68216
133.7	-0.43579
133.8	-0.8075
133.9	-0.80257
134	-0.61369
134.1	-0.24652
134.2	-0.79758
134.3	-0.86343
134.4	-1.0755
134.5	-0.15507
134.6	-0.41157
134.7	-0.49307
134.8	-0.17893
134.9	-0.53486
135	-0.80041
135.1	-0.69844
135.2	-0.37848
135.3	0.01864
135.4	-0.35011
135.5	-0.63237
135.6	-0.54759
135.7	-0.41022
135.8	-0.61587
135.9	-0.9843
136	-0.73464
136.1	-0.71341
136.2	-0.81772
136.3	-0.64365
136.4	-0.45988
136.5	-0.75926
136.6	-0.54887
136.7	-0.18837
136.8	-0.29103
136.9	-0.29844
137	-0.4701
137.1	-0.26415
137.2	-0.61746
137.3	-0.43379
137.4	-1.0705
137.5	-0.28218
137.6	-0.97006
137.7	-0.58499
137.8	0.043262
137.9	0.16118
138	0.13811
138.1	-0.64861
138.2	-0.54092
138.3	-0.34376
138.4	-0.28019
138.5	-0.31248
138.6	-0.040685
138.7	-0.26059
138.8	0.056657
138.9	-0.1321
139	-0.15359
139.1	-0.36672
139.2	-0.078704
139.3	0.062739
139.4	0.21225
139.5	-0.014679
139.6	-0.6437
139.7	0.38873
139.8	-0.32323
139.9	0.064876
140	-0.98892
140.1	0.61222
140.2	-0.4668
140.3	-0.31809
140.4	-0.19832
140.5	0.0047662
140.6	-0.39481
140.7	0.22998
140.8	-0.66498
140.9	-0.0555
141	-0.0054382
141.1	-0.11975
141.2	-0.56305
141.3	0.090794
141.4	-0.28383
141.5	0.20974
141.6	-0.04838
141.7	0.277
141.8	0.25775
141.9	0.13072
142	0.13582
142.1	-0.00063147
142.2	0.29219
142.3	-0.177
142.4	0.059643
142.5	0.077584
142.6	-0.0057555
142.7	0.0089317
142.8	-0.02449
142.9	0.31395
143	0.59908
143.1	0.5047
143.2	-0.21211
143.3	0.23111
143.4	0.3197
143.5	-0.046962
143.6	0.17328
143.7	0.43386
143.8	-0.049983
143.9	0.24068
144	0.53519
144.1	0.23984
144.2	0.59698
144.3	0.42794
144.4	0.096259
144.5	0.7506
144.6	0.37416
144.7	-0.088298
144.8	0.10069
144.9	0.040615
145	-0.34011
145.1	0.33084
145.2	0.44074
145.3	0.53084
145.4	0.53242
145.5	0.5366
145.6	0.17989
145.7	0.087617
145.8	0.52708
145.9	0.24133
146	0.48376
146.1	0.28166
146.2	0.39301
146.3	0.79266
146.4	0.29884
146.5	-0.27008
146.6	0.38301
146.7	0.56183
146.8	0.85144
146.9	0.42793
147	0.52957
147.1	0.69913
147.2	0.73541
147.3	0.8871
147.4	0.30158
147.5	0.73988
147.6	0.40923
147.7	0.62287
147.8	0.99058
147.9	0.45583
148	1.0753
148.1	0.61071
148.2	0.45778
148.3	0.84421
148.4	0.34568
148.5	0.51767
148.6	0.55769
148.7	0.40715
148.8	0.86573
148.9	0.97651
149	0.49345
149.1	0.93312
149.2	0.39749
149.3	0.87912
149.4	0.4622
149.5	0.46755
149.6	1.0456
149.7	0.61742
149.8	0.3948
149.9	0.7674
150	0.46065
150.1	0.21301
150.2	0.67555
150.3	0.25665
150.4	0.73743
150.5	0.072669
150.6	0.56671
150.7	0.69749
150.8	0.70756
150.9	0.83965
151	0.45906
151.1	0.86874
151.2	0.88414
151.3	0.62482
151.4	1.9172
151.5	1.2042
151.6	1.1311
151.7	0.86293
151.8	0.30476
151.9	0.61127
152	0.69344
152.1	0.95434
152.2	0.64094
152.3	0.95408
152.4	1.1346
152.5	0.80061
152.6	0.51949
152.7	0.95076
152.8	1.0224
152.9	0.48782
153	1.2786
153.1	0.90958
153.2	0.71661
153.3	0.79163
153.4	1.209
153.5	0.93676
153.6	0.90185
153.7	0.74343
153.8	1.0376
153.9	0.63983
154	1.0141
154.1	1.9786
154.2	0.93707
154.3	0.77486
154.4	1.2057
154.5	0.74887
154.6	0.78298
154.7	0.89781
154.8	0.93526
154.9	1.0422
155	1.128
155.1	1.0111
155.2	0.71065
155.3	0.88388
155.4	0.90021
155.5	0.89725
155.6	1.4037
155.7	1.7051
155.8	0.80951
155.9	1.0149
156	1.124
156.1	1.3968
156.2	1.0526
156.3	0.95271
156.4	1.1309
156.5	0.59854
156.6	1.0725
156.7	0.87396
156.8	0.49039
156.9	0.8154
157	0.91144
157.1	0.96969
157.2	0.81294
157.3	1.2024
157.4	1.0476
157.5	0.61869
157.6	0.59165
157.7	1.2488
157.8	1.1883
157.9	0.75721
158	0.69631
158.1	0.91817
158.2	0.95591
158.3	1.0118
158.4	1.4415
158.5	1.4189
158.6	0.76979
158.7	1.2181
158.8	1.2564
158.9	1.2453
159	1.1708
159.1	1.116
159.2	0.87515
159.3	0.78062
159.4	1.0574
159.5	1.1616
159.6	1.1665
159.7	0.51837
159.8	0.8286
159.9	1.1001
160	0.95624
160.1	0.84585
160.2	0.88196
160.3	0.68116
160.4	1.2667
160.5	0.86714
160.6	0.61065
160.7	0.9816
160.8	0.64003
160.9	0.99154
161	0.86392
161.1	1.1835
161.2	0.50455
161.3	0.87707
161.4	0.9808
161.5	0.66875
161.6	0.8978
161.7	1.0591
161.8	0.54583
161.9	1.0398
162	1.289
162.1	0.88739
162.2	0.33027
162.3	0.75443
162.4	1.3638
162.5	0.63267
162.6	1.1598
162.7	0.7394
162.8	0.5999
162.9	0.85181
163	0.73051
163.1	1.0625
163.2	0.72058
163.3	0.38533
163.4	0.6813
163.5	0.4431
163.6	1.2633
163.7	0.99355
163.8	0.94957
163.9	1.0938
164	0.78553
164.1	0.65137
164.2	0.12621
164.3	1.1587
164.4	0.62051
164.5	0.86888
164.6	0.71605
164.7	0.85961
164.8	0.65001
164.9	0.5057
165	0.90778
165.1	1.1237
165.2	0.31044
165.3	1.1896
165.4	1.2397
165.5	0.88958
165.6	0.95158
165.7	0.38179
165.8	0.86447
165.9	0.75374
166	1.0204
166.1	0.95229
166.2	0.60623
166.3	0.78004
166.4	0.81365
166.5	0.32838
166.6	0.81706
166.7	0.52784
166.8	0.58414
166.9	0.835
167	0.69548
167.1	0.92209
167.2	0.34413
167.3	0.36265
167.4	0.40803
167.5	0.44711
167.6	0.54494
167.7	0.27501
167.8	1.1672
167.9	0.59782
168	0.94422
168.1	0.25641
168.2	0.15683
168.3	0.12228
168.4	0.59087
168.5	0.56177
168.6	0.15768
168.7	-0.19088
168.8	-0.020241
168.9	0.38495
169	0.59149
169.1	0.88248
169.2	0.55786
169.3	0.56601
169.4	0.27748
169.5	0.10956
169.6	-0.27175
169.7	0.41717
169.8	-0.10208
169.9	-0.5058
170	0.63608
170.1	0.24152
170.2	0.37673
170.3	-0.098608
170.4	0.17218
170.5	0.26502
170.6	0.88862
170.7	0.40594
170.8	-0.016251
170.9	0.098671
171	-0.15817
171.1	0.49411
171.2	0.039882
171.3	0.5489
171.4	0.050416
171.5	0.096062
171.6	-0.20802
171.7	-0.13449
171.8	0.43069
171.9	0.39572
172	0.056133
172.1	0.41966
172.2	0.13793
172.3	-0.36045
172.4	-0.23954
172.5	-0.20462
172.6	-0.090439
172.7	0.06954
172.8	0.053749
172.9	-0.20686
173	0.072809
173.1	-0.34088
173.2	0.053269
173.3	-0.61345
173.4	-0.10816
173.5	0.20192
173.6	-0.037789
173.7	0.32647
173.8	-0.17813
173.9	-0.052908
174	-0.25578
174.1	-0.21184
174.2	0.066238
174.3	-0.034584
174.4	-0.61891
174.5	-0.19767
174.6	-0.027276
174.7	-0.33811
174.8	-0.50456
174.9	-0.14448
175	-0.0084506
175.1	0.068745
175.2	0.50484
175.3	0.084587
175.4	-0.11382
175.5	-0.097002
175.6	-0.031866
175.7	-0.10457
175.8	-0.37873
175.9	-0.82942
176	-0.31014
176.1	-0.77022
176.2	-0.38939
176.3	-0.49684
176.4	-0.40515
176.5	0.11618
176.6	-0.013445
176.7	0.20997
176.8	-0.51505
176.9	-0.93861
177	-0.019891
177.1	-0.2746
177.2	-0.37261
177.3	-0.81867
177.4	-0.42162
177.5	-0.71707
177.6	-0.52029
177.7	-0.69646
177.8	-0.63987
177.9	0.001811
178	0.097529
178.1	-0.66751
178.2	-0.67324
178.3	-0.31431
178.4	-0.29159
178.5	-1.0147
178.6	-0.78301
178.7	-0.90043
178.8	-0.42677
178.9	-0.1882
179	-0.69479
179.1	-0.4078
179.2	-0.82067
179.3	-0.74079
179.4	-0.23062
179.5	-0.56213
179.6	-0.46279
179.7	-0.37337
179.8	-0.96432
179.9	-0.39997
180	-0.88724
180.1	-0.37336
180.2	-0.40733
180.3	-0.27818
180.4	-0.55835
180.5	-0.4667
180.6	-0.83418
180.7	-1.1541
180.8	-0.87123
180.9	-0.51832
181	-0.86929
181.1	-0.70179
181.2	-0.42332
181.3	-0.28021
181.4	-0.78179
181.5	-1.0147
181.6	-0.98426
181.7	-0.21266
181.8	-1.3385
181.9	-0.72784
182	-0.89336
182.1	-0.82927
182.2	-1.3416
182.3	-1.254
182.4	-0.34484
182.5	-1.352
182.6	-0.37639
182.7	-0.93064
182.8	-0.915
182.9	-0.95783
183	-1.1297
183.1	-0.64738
183.2	-0.96516
183.3	-0.75342
183.4	-0.58471
183.5	-0.77558
183.6	-0.8919
183.7	-0.49703
183.8	-1.2448
183.9	-1.1892
184	-0.95574
184.1	-1.4589
184.2	-0.73134
184.3	-1.088
184.4	-1.0196
184.5	-1.0931
184.6	-0.32886
184.7	-1.1113
184.8	-0.93732
184.9	-1.0858
185	-0.89074
185.1	-0.92902
185.2	-0.72474
185.3	-1.3064
185.4	-1.0565
185.5	-1.5003
185.6	-0.8791
185.7	-0.67987
185.8	-0.84135
185.9	-1.2177
186	-0.81498
186.1	-1.1305
186.2	-1.022
186.3	-0.8301
186.4	-1.4669
186.5	-1.2473
186.6	-1.116
186.7	-0.90432
186.8	-1.0534
186.9	-1.0347
187	-1.1337
187.1	-0.44114
187.2	-0.89549
187.3	-1.2839
187.4	-0.86853
187.5	-1.6357
187.6	-0.72287
187.7	-1.6445
187.8	-0.81838
187.9	-1.5018
188	-1.0643
188.1	-1.3932
188.2	-0.93128
188.3	-1.2016
188.4	-1.1334
