0	-1.1995
0.1	-0.56413
0.2	-0.58585
0.3	-0.97101
0.4	-1.1273
0.5	-0.84551
0.6	-1.1951
0.7	-1.0351
0.8	-1.1559
0.9	-0.96428
1	-0.6565
1.1	-0.77121
1.2	-0.64973
1.3	-1.266
1.4	-0.93628
1.5	-1.2838
1.6	-0.87178
1.7	-0.88788
1.8	-0.59495
1.9	-0.65224
2	-0.7841
2.1	-1.1296
2.2	-1.1187
2.3	-1.5891
2.4	-1.1058
2.5	-1.4343
2.6	-0.68744
2.7	-0.69319
2.8	-0.91957
2.9	-1.0718
3	-0.91242
3.1	-0.47082
3.2	-0.5445
3.3	-1.0806
3.4	-0.89223
3.5	-1.2755
3.6	-0.81568
3.7	-0.71061
3.8	-0.65865
3.9	-1.3843
4	-0.76967
4.1	-1.1764
4.2	-1.0261
4.3	-0.67256
4.4	-0.81529
4.5	-0.94957
4.6	-0.71403
4.7	-0.40122
4.8	-1.074
4.9	-1.2874
5	-1.2263
5.1	-1.156
5.2	-1.0692
5.3	-0.6898
5.4	-1.4834
5.5	-0.78174
5.6	-1.0808
5.7	-0.51203
5.8	-1.0931
5.9	-0.82867
6	-1.1066
6.1	-1.0241
6.2	-0.89192
6.3	-0.87667
6.4	-0.95954
6.5	-0.45759
6.6	-0.62495
6.7	-0.22728
6.8	-0.86076
6.9	-0.45126
7	-1.3946
7.1	-0.56682
7.2	-0.64037
7.3	-0.85743
7.4	-0.52986
7.5	-0.4684
7.6	-0.41475
7.7	-0.59197
7.8	-0.53059
7.9	-0.90605
8	-1.0253
8.1	-0.76978
8.2	-0.62626
8.3	-0.38959
8.4	-0.90462
8.5	-0.80683
8.6	0.2399
8.7	-0.8316
8.8	-0.06106
8.9	-0.34107
9	-0.78895
9.1	-0.64571
9.2	-0.67037
9.3	-0.45579
9.4	-0.1801
9.5	-1.073
9.6	0.033599
9.7	-0.33196
9.8	-0.72169
9.9	-0.58649
10	-0.45043
10.1	-0.44301
10.2	-0.16313
10.3	-0.18777
10.4	-0.61383
10.5	-0.53655
10.6	-0.26875
10.7	-0.44402
10.8	-0.13043
10.9	-0.66852
11	-0.31209
11.1	-0.35816
11.2	-0.018126
11.3	-0.83031
11.4	-0.41737
11.5	-0.39244
11.6	-1.1019
11.7	-0.015723
11.8	0.46184
11.9	-0.44132
12	-0.27625
12.1	-0.4924
12.2	-0.22835
12.3	-0.44819
12.4	-0.35533
12.5	0.17012
12.6	-0.55999
12.7	-0.46905
12.8	-0.30949
12.9	-0.31686
13	0.16429
13.1	0.35153
13.2	-0.54164
13.3	-0.43078
13.4	-0.07261
13.5	-0.33322
13.6	0.38862
13.7	0.29131
13.8	-0.021935
13.9	-0.010722
14	-0.27149
14.1	0.06899
14.2	0.18801
14.3	-0.09786
14.4	0.44802
14.5	0.080689
14.6	-0.1436
14.7	0.010663
14.8	0.23831
14.9	-0.20016
15	-0.096376
15.1	0.65123
15.2	-0.19295
15.3	0.24312
15.4	0.21466
15.5	0.4559
15.6	0.14701
15.7	-0.74036
15.8	-0.24655
15.9	0.17272
16	0.10653
16.1	0.62793
16.2	0.47108
16.3	0.20822
16.4	0.093998
16.5	-0.38542
16.6	0.64803
16.7	0.13925
16.8	-0.35481
16.9	0.24891
17	0.15973
17.1	-0.032349
17.2	0.29657
17.3	-0.053722
17.4	-0.23601
17.5	-0.34804
17.6	0.078934
17.7	0.0097606
17.8	0.33973
17.9	-0.23334
18	0.16473
18.1	-0.21461
18.2	0.78955
18.3	0.22122
18.4	0.63383
18.5	0.42407
18.6	0.55777
18.7	-0.051506
18.8	0.68157
18.9	0.74957
19	-0.29975
19.1	0.27979
19.2	0.14652
19.3	0.39849
19.4	0.10581
19.5	0.45389
19.6	0.55858
19.7	0.4621
19.8	0.36237
19.9	0.020211
20	0.43342
20.1	0.26894
20.2	0.05054
20.3	0.42637
20.4	0.38927
20.5	0.5187
20.6	0.76762
20.7	0.6516
20.8	0.87922
20.9	0.2774
21	0.24547
21.1	0.48498
21.2	0.93697
21.3	0.92162
21.4	0.50122
21.5	0.3683
21.6	0.099505
21.7	0.76554
21.8	0.57907
21.9	0.22705
22	0.48813
22.1	0.04772
22.2	0.73355
22.3	0.56029
22.4	1.1097
22.5	0.22035
22.6	0.92707
22.7	0.6867
22.8	0.67601
22.9	0.87378
23	1.0243
23.1	0.35238
23.2	1.0767
23.3	0.32534
23.4	0.37333
23.5	0.50095
23.6	0.93073
23.7	0.39581
23.8	0.82415
23.9	0.85417
24	0.78363
24.1	0.91048
24.2	0.3989
24.3	1.0596
24.4	0.79787
24.5	0.98925
24.6	0.48152
24.7	0.79844
24.8	1.0523
24.9	1.0994
25	0.77584
25.1	0.25103
25.2	0.48391
25.3	0.88432
25.4	1.0627
25.5	0.96899
25.6	0.6518
25.7	1.5144
25.8	0.86811
25.9	1.1113
26	0.73218
26.1	0.52752
26.2	1.0726
26.3	1.1833
26.4	1.4235
26.5	0.72289
26.6	0.39787
26.7	1.376
26.8	0.97459
26.9	0.56161
27	0.73632
27.1	0.66565
27.2	1.2607
27.3	1.0941
27.4	0.99326
27.5	0.99645
27.6	0.68162
27.7	1.2297
27.8	1.0393
27.9	0.86049
28	0.88681
28.1	0.915
28.2	0.68262
28.3	1.1743
28.4	1.3725
28.5	1.7
28.6	1.1118
28.7	0.7166
28.8	1.0263
28.9	0.6664
29	0.78701
29.1	0.77561
29.2	0.72558
29.3	1.0912
29.4	0.64515
29.5	1.1819
29.6	1.2222
29.7	1.2966
29.8	0.98084
29.9	1.1742
30	1.5309
30.1	1.0073
30.2	0.93925
30.3	1.5255
30.4	0.2422
30.5	0.85883
30.6	1.7258
30.7	0.856
30.8	0.83001
30.9	0.63073
31	1.237
31.1	0.36652
31.2	0.75995
31.3	1.17
31.4	0.99957
31.5	1.1871
31.6	1.0378
31.7	1.2039
31.8	0.61304
31.9	1.0643
32	0.52832
32.1	1.2326
32.2	0.90376
32.3	1.1927
32.4	0.83392
32.5	1.0927
32.6	1.3092
32.7	0.39786
32.8	0.43022
32.9	0.4393
33	1.2421
33.1	1.1074
33.2	0.77339
33.3	1.432
33.4	1.0217
33.5	0.50232
33.6	0.6705
33.7	0.55846
33.8	1.2582
33.9	0.78897
34	0.61523
34.1	0.79106
34.2	0.71057
34.3	1.2146
34.4	1.099
34.5	1.0435
34.6	1.0745
34.7	0.95945
34.8	0.65863
34.9	1.1024
35	0.69012
35.1	0.61133
35.2	0.60703
35.3	1.1864
35.4	1.216
35.5	0.39011
35.6	0.86931
35.7	0.98521
35.8	0.72231
35.9	1.1294
36	0.97309
36.1	0.84644
36.2	0.72051
36.3	1.0862
36.4	1.1331
36.5	1.0143
36.6	0.79667
36.7	1.1399
36.8	0.58646
36.9	0.89669
37	1.267
37.1	0.78585
37.2	0.58418
37.3	1.4149
37.4	0.75216
37.5	0.95305
37.6	0.57372
37.7	0.89525
37.8	0.94315
37.9	0.79842
38	0.88879
38.1	1.1462
38.2	0.35734
38.3	0.83393
38.4	0.16851
38.5	0.76792
38.6	1.332
38.7	1.0286
38.8	0.73746
38.9	0.6313
39	0.88441
39.1	1.0361
39.2	0.71645
39.3	1.1894
39.4	0.45309
39.5	0.091323
39.6	0.45893
39.7	0.61626
39.8	0.55682
39.9	0.40697
40	1.0548
40.1	0.16115
40.2	0.49083
40.3	0.33986
40.4	0.48062
40.5	0.41515
40.6	0.7506
40.7	0.28679
40.8	0.34488
40.9	0.61332
41	0.90002
41.1	0.010254
41.2	1.0983
41.3	0.28651
41.4	0.73596
41.5	0.84808
41.6	0.92165
41.7	0.36098
41.8	0.51489
41.9	0.45024
42	0.30856
42.1	0.56303
42.2	0.58033
42.3	0.3582
42.4	0.49472
42.5	1.2482
42.6	0.43485
42.7	0.64119
42.8	0.28028
42.9	0.25158
43	0.29706
43.1	0.56098
43.2	0.14194
43.3	-0.18275
43.4	0.37981
43.5	0.22358
43.6	0.42914
43.7	0.36112
43.8	0.54504
43.9	0.58706
44	-0.090359
44.1	-0.15957
44.2	0.43897
44.3	0.37057
44.4	-0.012715
44.5	0.63061
44.6	0.25962
44.7	0.27709
44.8	0.31248
44.9	0.44681
45	0.66815
45.1	0.12242
45.2	-0.328
45.3	0.48542
45.4	-0.10678
45.5	0.53478
45.6	-0.025047
45.7	0.58935
45.8	-0.10979
45.9	-0.2117
46	0.39923
46.1	-0.30671
46.2	0.29643
46.3	0.21364
46.4	0.029346
46.5	-0.040111
46.6	0.66971
46.7	-0.069984
46.8	-0.024678
46.9	-0.25923
47	-0.23165
47.1	-0.1727
47.2	0.50525
47.3	-0.13474
47.4	-0.23463
47.5	-0.17207
47.6	0.16672
47.7	-0.4523
47.8	0.12058
47.9	-0.47692
48	-0.12675
48.1	-0.64552
48.2	0.053373
48.3	0.090519
48.4	-0.33353
48.5	-0.041904
48.6	-0.098223
48.7	0.19078
48.8	-0.12831
48.9	0.13516
49	-0.22154
49.1	-0.39082
49.2	-0.21752
49.3	-0.2757
49.4	0.03885
49.5	-0.25222
49.6	-0.49746
49.7	-0.30122
49.8	0.09215
49.9	-0.39853
50	-0.48125
50.1	0.0019601
50.2	-0.27241
50.3	-0.42111
50.4	-0.54343
50.5	-0.77519
50.6	-0.29464
50.7	-0.44514
50.8	-0.26371
50.9	-0.80566
51	0.018573
51.1	-0.24106
51.2	-0.86641
51.3	-0.08846
51.4	-0.59097
51.5	-0.33311
51.6	-0.36697
51.7	-0.70527
51.8	-1.3092
51.9	-0.29899
52	-0.57113
52.1	-0.65669
52.2	-0.36042
52.3	-0.70171
52.4	-0.30211
52.5	-0.46682
52.6	-0.81804
52.7	-0.27811
52.8	-0.39527
52.9	-0.17037
53	-0.82216
53.1	-0.83125
53.2	-0.47691
53.3	-0.37898
53.4	-0.33878
53.5	-0.59332
53.6	-0.67405
53.7	-0.41538
53.8	-0.029752
53.9	-0.36156
54	-0.60933
54.1	-0.81474
54.2	-0.5001
54.3	-0.80282
54.4	-0.59355
54.5	-0.43905
54.6	-0.40261
54.7	-0.51075
54.8	-0.28104
54.9	-0.14622
55	-1.278
55.1	-1.2493
55.2	-0.99943
55.3	-1.3289
55.4	-0.84345
55.5	-0.84397
55.6	-0.67457
55.7	-0.67043
55.8	-0.96864
55.9	-1.0132
56	-0.53755
56.1	-0.89642
56.2	-1.1994
56.3	-0.79106
56.4	-0.73895
56.5	-0.92945
56.6	-0.61296
56.7	-0.75008
56.8	-0.88739
56.9	-0.84237
57	-0.69726
57.1	-0.9726
57.2	-1.162
57.3	-0.89753
57.4	-0.81732
57.5	-0.70836
57.6	-0.87527
57.7	-1.0084
57.8	-0.69715
57.9	-0.91489
58	-0.64341
58.1	-0.91706
58.2	-0.89652
58.3	-0.92662
58.4	-1.1798
58.5	-1.1857
58.6	-1.2002
58.7	-0.3804
58.8	-0.97987
58.9	-0.64157
59	-0.82273
59.1	-0.37339
59.2	-0.65665
59.3	-1.3064
59.4	-1.0399
59.5	-0.67751
59.6	-0.86177
59.7	-0.2718
59.8	-0.96876
59.9	-1.4229
60	-0.82695
60.1	-1.2365
60.2	-0.95074
60.3	-0.64471
60.4	-0.87812
60.5	-0.88304
60.6	-1.0344
60.7	-1.0213
60.8	-1.0104
60.9	-1.8211
61	-0.86529
61.1	-0.68797
61.2	-1.376
61.3	-1.4449
61.4	-0.80346
61.5	-1.4434
61.6	-1.4962
61.7	-0.75691
61.8	-1.191
61.9	-0.62219
62	-1.3842
62.1	-1.1816
62.2	-0.9255
62.3	-0.83378
62.4	-0.85878
62.5	-0.94201
62.6	-1.0687
62.7	-1.1737
62.8	-0.85585
62.9	-1.116
63	-0.87337
63.1	-0.67333
63.2	-1.6741
63.3	-0.45756
63.4	-1.188
63.5	-0.60283
63.6	-0.53157
63.7	-1.4369
63.8	-0.94224
63.9	0.045577
64	-1.0576
64.1	-0.84609
64.2	-0.89139
64.3	-0.60887
64.4	-0.66058
64.5	-1.2701
64.6	-1.116
64.7	-0.87963
64.8	-0.99822
64.9	-0.2182
65	-0.84499
65.1	-0.84313
65.2	-1.2234
65.3	-1.3619
65.4	-0.72896
65.5	-1.0238
65.6	-0.76718
65.7	-1.2086
65.8	-0.68749
65.9	-1.4973
66	-0.48023
66.1	-0.69312
66.2	-0.91077
66.3	-1.2888
66.4	-1.0563
66.5	-0.85719
66.6	-0.5675
66.7	-1.2362
66.8	-0.53375
66.9	-0.087949
67	-1.063
67.1	-0.76966
67.2	-1.1033
67.3	-1.4169
67.4	-0.45631
67.5	-0.68477
67.6	-1.0417
67.7	-0.84981
67.8	-0.94805
67.9	-1.3128
68	-1.7341
68.1	-0.87865
68.2	-0.99808
68.3	-1.0272
68.4	-1.1027
68.5	-1.3888
68.6	-0.99472
68.7	-0.78428
68.8	-1.1457
68.9	-0.68632
69	-0.89756
69.1	-0.84034
69.2	-1.2327
69.3	-1.0273
69.4	-0.6689
69.5	-1.0228
69.6	-0.73108
69.7	-0.1799
69.8	-0.52831
69.9	-0.44922
70	-0.045803
70.1	-0.39468
70.2	-0.62129
70.3	-0.14848
70.4	-0.99842
70.5	-0.92477
70.6	-0.10766
70.7	-0.5698
70.8	-0.71162
70.9	-0.55435
71	-0.76379
71.1	-0.76482
71.2	-0.78587
71.3	-0.82857
71.4	-0.93797
71.5	-0.66521
71.6	-0.81201
71.7	-0.19933
71.8	-0.55344
71.9	-0.30984
72	-0.6503
72.1	-0.62485
72.2	-0.21488
72.3	-0.14371
72.4	-0.56624
72.5	-0.060181
72.6	-0.41695
72.7	-0.44079
72.8	0.11462
72.9	-0.07385
73	-0.2539
73.1	-0.39687
73.2	-0.67048
73.3	-0.5349
73.4	0.054952
73.5	-1.0894
73.6	-0.66523
73.7	-0.52195
73.8	-0.41195
73.9	-0.98268
74	-0.27983
74.1	-0.21062
74.2	-0.70253
74.3	-0.48918
74.4	-0.76632
74.5	0.094282
74.6	-0.27181
74.7	-0.44988
74.8	-0.64296
74.9	-0.3264
75	0.15865
75.1	-0.25466
75.2	-0.22182
75.3	-0.67846
75.4	-0.25901
75.5	-0.066473
75.6	-0.7042
75.7	0.058304
75.8	0.46907
75.9	-0.7283
76	-0.87125
76.1	-0.26335
76.2	-0.0041191
76.3	-0.24661
76.4	-0.25989
76.5	-0.20062
76.6	-0.51215
76.7	-0.67612
76.8	0.30136
76.9	-0.075463
77	-0.50966
77.1	0.1793
77.2	-0.52279
77.3	-0.1602
77.4	0.1085
77.5	-0.35601
77.6	-0.19868
77.7	-0.074993
77.8	0.5118
77.9	0.073769
78	-0.17375
78.1	-0.11158
78.2	-0.11806
78.3	0.36804
78.4	-0.099294
78.5	-0.24149
78.6	0.078204
78.7	-0.012376
78.8	0.26399
78.9	0.32384
79	0.37213
79.1	0.25014
79.2	0.25574
79.3	0.64693
79.4	-0.2621
79.5	-0.0083219
79.6	-0.4027
79.7	0.39157
79.8	0.13214
79.9	0.045797
80	-0.3708
80.1	0.21042
80.2	0.087337
80.3	-0.23133
80.4	-0.16229
80.5	-0.03383
80.6	0.12947
80.7	-0.28029
80.8	0.1695
80.9	0.41854
81	0.13054
81.1	0.04382
81.2	0.35413
81.3	0.60285
81.4	0.14815
81.5	0.1517
81.6	-0.12948
81.7	0.01747
81.8	0.50204
81.9	0.29563
82	0.56852
82.1	0.54951
82.2	0.47064
82.3	0.59722
82.4	0.83354
82.5	0.5588
82.6	0.52275
82.7	0.39124
82.8	0.040569
82.9	0.27085
83	0.52913
83.1	0.10695
83.2	0.58979
83.3	0.55503
83.4	0.49712
83.5	0.56636
83.6	0.49185
83.7	0.4868
83.8	0.49947
83.9	0.78955
84	0.49216
84.1	-0.26454
84.2	0.39043
84.3	0.60348
84.4	0.84096
84.5	0.97545
84.6	0.28716
84.7	0.80605
84.8	0.6573
84.9	0.53149
85	0.60943
85.1	0.60154
85.2	0.65997
85.3	0.69697
85.4	0.432
85.5	0.32767
85.6	0.93854
85.7	0.59046
85.8	1.0883
85.9	0.39409
86	0.50048
86.1	1.1124
86.2	1.1156
86.3	0.39174
86.4	0.7695
86.5	1.1169
86.6	1.1214
86.7	0.34296
86.8	1.2208
86.9	0.94047
87	0.81685
87.1	0.68757
87.2	0.47196
87.3	0.7967
87.4	0.69754
87.5	1.4739
87.6	0.84407
87.7	0.74116
87.8	0.79502
87.9	0.62138
88	1.4326
88.1	1.008
88.2	0.8451
88.3	1.1653
88.4	0.8239
88.5	0.80999
88.6	0.67772
88.7	0.66537
88.8	1.3366
88.9	1.0909
89	0.89152
89.1	1.3817
89.2	0.88237
89.3	0.96709
89.4	0.45881
89.5	1.032
89.6	0.45973
89.7	0.60187
89.8	1.1875
89.9	1.0123
90	0.64945
90.1	0.79577
90.2	0.99612
90.3	0.98909
90.4	0.41345
90.5	0.56886
90.6	0.40233
90.7	0.91598
90.8	0.42482
90.9	1.155
91	0.64608
91.1	0.61894
91.2	1.4911
91.3	1.6056
91.4	0.71394
91.5	0.95137
91.6	1.5541
91.7	0.80564
91.8	1.4854
91.9	1.2185
92	0.9915
92.1	0.87109
92.2	1.4871
92.3	1.1944
92.4	0.79315
92.5	1.1026
92.6	0.72307
92.7	1.0327
92.8	1.4491
92.9	1.1505
93	0.76433
93.1	1.0978
93.2	0.78517
93.3	1.6013
93.4	0.4583
93.5	0.79935
93.6	1.2293
93.7	0.7524
93.8	1.0044
93.9	1.1958
94	1.377
94.1	0.72177
94.2	0.94903
94.3	0.85848
94.4	0.96561
94.5	1.1105
94.6	0.8138
94.7	1.239
94.8	1.1265
94.9	0.85617
95	1.08
95.1	1.2916
95.2	1.2934
95.3	1.1949
95.4	0.97387
95.5	0.80614
95.6	1.0581
95.7	0.84963
95.8	0.88835
95.9	1.2638
96	1.4188
96.1	1.1616
96.2	1.597
96.3	0.52024
96.4	0.98374
96.5	1.0033
96.6	1.4568
96.7	1.1205
96.8	0.87046
96.9	1.1313
97	1.1551
97.1	1.0144
97.2	0.34849
97.3	1.2607
97.4	-0.096735
97.5	0.98043
97.6	0.47894
97.7	0.83447
97.8	1.3571
97.9	0.78
98	1.5056
98.1	1.1602
98.2	0.84897
98.3	0.64796
98.4	0.76626
98.5	1.0233
98.6	0.19562
98.7	1.087
98.8	0.982
98.9	1.1394
99	1.5034
99.1	0.78745
99.2	0.5857
99.3	1.229
99.4	1.1386
99.5	0.82233
99.6	0.68211
99.7	0.92969
99.8	0.51085
99.9	0.8643
100	0.64769
100.1	0.5878
100.2	1.1184
100.3	0.83148
100.4	1.222
100.5	0.48492
100.6	0.87702
100.7	0.48511
100.8	0.97853
100.9	1.1783
101	1.0876
101.1	0.13966
101.2	0.97243
101.3	0.76408
101.4	0.85523
101.5	0.58413
101.6	0.24639
101.7	1.0028
101.8	0.576
101.9	0.62229
102	0.76477
102.1	1.4683
102.2	1.3882
102.3	0.29735
102.4	0.54347
102.5	0.97461
102.6	0.049105
102.7	1.0368
102.8	0.56148
102.9	1.0683
103	0.37686
103.1	0.35638
103.2	1.3197
103.3	0.79391
103.4	0.51668
103.5	0.29177
103.6	0.92464
103.7	0.6882
103.8	-0.10177
103.9	0.29825
104	1.452
104.1	0.54915
104.2	-0.055545
104.3	0.2695
104.4	0.40146
104.5	0.72728
104.6	0.46151
104.7	0.53218
104.8	0.48768
104.9	0.19621
105	0.82738
105.1	0.35713
105.2	0.31883
105.3	0.50743
105.4	0.41989
105.5	0.27452
105.6	0.46006
105.7	1.0467
105.8	0.5661
105.9	0.19802
106	0.12448
106.1	0.30442
106.2	-0.10599
106.3	0.90521
106.4	0.40941
106.5	-0.010282
106.6	0.36549
106.7	-0.1132
106.8	0.48507
106.9	0.2464
107	0.30389
107.1	0.39026
107.2	0.52821
107.3	0.019532
107.4	-0.18731
107.5	0.21194
107.6	-0.013473
107.7	0.35116
107.8	-0.3425
107.9	0.4617
108	0.28625
108.1	-0.14896
108.2	0.079501
108.3	0.41618
108.4	0.88289
108.5	0.039734
108.6	0.54975
108.7	-0.13295
108.8	0.17738
108.9	0.043129
109	0.19751
109.1	-0.063964
109.2	-0.35092
109.3	-0.015705
109.4	0.18744
109.5	-0.10628
109.6	-0.019738
109.7	0.14617
109.8	0.17734
109.9	-0.2145
110	-0.084937
110.1	0.24675
110.2	0.074805
110.3	-0.43879
110.4	0.41995
110.5	-0.23939
110.6	-0.27395
110.7	-0.50144
110.8	-0.11722
110.9	-0.1251
111	-0.20105
111.1	-0.36605
111.2	-0.62227
111.3	0.76972
111.4	0.30633
111.5	-0.26151
111.6	-0.19815
111.7	-0.065872
111.8	-0.18702
111.9	-0.36431
112	0.077206
112.1	-0.55428
112.2	0.36462
112.3	-0.76125
112.4	-0.339
112.5	0.010088
112.6	-0.22598
112.7	-0.72191
112.8	-0.0040557
112.9	-0.24122
113	-0.54415
113.1	-0.18816
113.2	-0.091917
113.3	0.32711
113.4	-0.36579
113.5	-0.43531
113.6	-0.50785
113.7	-0.94384
113.8	-0.21861
113.9	-1.0006
114	-0.47444
114.1	-0.48517
114.2	-0.15825
114.3	-1.2522
114.4	-0.15452
114.5	-0.59472
114.6	-0.83581
114.7	-0.45944
114.8	-0.39569
114.9	-0.60178
115	-0.92414
115.1	-0.13011
115.2	-0.44151
115.3	-0.72141
115.4	-0.15302
115.5	-0.4163
115.6	-0.91519
115.7	-0.35704
115.8	-1.0904
115.9	-0.87738
116	-0.52283
116.1	-0.45311
116.2	-0.56348
116.3	-1.1726
116.4	-0.35512
116.5	-0.23018
116.6	-0.2664
116.7	-0.79555
116.8	-0.7504
116.9	-0.94517
117	-0.57253
117.1	-0.57955
117.2	-0.89415
117.3	-0.3943
117.4	-0.4219
117.5	-0.48773
117.6	-0.91816
117.7	-1.1009
117.8	-0.51075
117.9	-0.2793
118	-1.1075
118.1	-1.3898
118.2	-0.30333
118.3	-0.75941
118.4	-0.39425
118.5	-0.45854
118.6	-1.1263
118.7	-0.89674
118.8	-1.024
118.9	-0.72595
119	-0.43618
119.1	-0.77542
119.2	-1.4283
119.3	-0.43367
119.4	-0.80936
119.5	-0.95384
119.6	-1.4527
119.7	-0.7152
119.8	-0.7594
119.9	-0.73687
120	-1.1673
120.1	-1.0682
120.2	-1.1293
120.3	-0.3233
120.4	-1.1108
120.5	-0.92863
120.6	-1.1416
120.7	-0.60609
120.8	-0.88771
120.9	-0.86682
121	-0.61138
121.1	-0.69509
121.2	-0.66623
121.3	-1.5461
121.4	-0.84449
121.5	-0.62468
121.6	-0.81356
121.7	-0.65192
121.8	-0.28993
121.9	-0.55543
122	-1.2706
122.1	-1.1862
122.2	-0.97714
122.3	-1.1367
122.4	-0.9709
122.5	-0.58194
122.6	-1.1128
122.7	-1.0422
122.8	-1.0276
122.9	-0.7597
123	-0.65368
123.1	-1.0122
123.2	-1.0649
123.3	-0.69212
123.4	-0.7575
123.5	-0.83023
123.6	0.0010786
123.7	-0.97127
123.8	-0.8803
123.9	-1.0095
124	-0.80127
124.1	-1.1453
124.2	-0.68699
124.3	-0.44199
124.4	-0.96644
124.5	-1.0137
124.6	-1.1634
124.7	-1.1374
124.8	-1.5073
124.9	-1.0132
125	-1.2622
125.1	-0.62164
125.2	-0.95217
125.3	-0.98286
125.4	-0.58009
125.5	-1.5326
125.6	-0.90108
125.7	-1.3174
125.8	-1.1929
125.9	-0.92219
126	-0.73193
126.1	-1.25
126.2	-0.83262
126.3	-0.56045
126.4	-1.2538
126.5	-1.2941
126.6	-0.99913
126.7	-0.80656
126.8	-0.9931
126.9	-1.2373
127	-0.95654
127.1	-0.92758
127.2	-1.1216
127.3	-1.3228
127.4	-0.85436
127.5	-0.97806
127.6	-1.0902
127.7	-1.1687
127.8	-1.1274
127.9	-1.2353
128	-1.2849
128.1	-0.59084
128.2	-1.0404
128.3	-1.4842
128.4	-1.1093
128.5	-0.64193
128.6	-1.1186
128.7	-0.42106
128.8	-1.1851
128.9	-1.174
129	-1.2548
129.1	-0.59239
129.2	-1.1122
129.3	-0.80942
129.4	-1.4254
129.5	-1.0991
129.6	-0.72575
129.7	-1.3038
129.8	-0.90063
129.9	-0.74708
130	-0.37391
130.1	-0.71087
130.2	-0.61485
130.3	-1.0007
130.4	-1.0636
130.5	-0.86837
130.6	-1.1486
130.7	-0.53921
130.8	-0.63822
130.9	-0.57726
131	-0.48273
131.1	-0.88821
131.2	-1.0238
131.3	-0.68763
131.4	-0.49435
131.5	-0.57695
131.6	-0.54524
131.7	-0.37144
131.8	-0.72896
131.9	-0.45054
132	-0.80944
132.1	-0.56307
132.2	-1.215
132.3	-0.32513
132.4	-1.314
132.5	-0.71359
132.6	-0.87279
132.7	-1.1102
132.8	-0.65524
132.9	-0.64973
133	-0.31939
133.1	-0.69496
133.2	-0.55592
133.3	-0.6494
133.4	-0.27508
133.5	-0.36919
133.6	-0.69807
133.7	-0.6568
133.8	-0.15304
133.9	-0.7514
134	-0.4148
134.1	-0.92826
134.2	-0.88584
134.3	-0.39085
134.4	-0.44756
134.5	-0.31692
134.6	-0.81655
134.7	-0.31337
134.8	-0.5593
134.9	-0.61717
135	-0.088177
135.1	-0.15574
135.2	-1.2541
135.3	-0.4636
135.4	-0.81737
135.5	-0.64387
135.6	-0.73593
135.7	-0.049902
135.8	-0.15646
135.9	-0.35369
136	-0.30068
136.1	-0.36564
136.2	-0.28922
136.3	-0.41032
136.4	-0.53049
136.5	-0.31581
136.6	-0.55223
136.7	-0.56867
136.8	-0.52233
136.9	-0.45885
137	-0.42097
137.1	0.34524
137.2	-0.77214
137.3	-0.71753
137.4	-0.31299
137.5	-0.39275
137.6	-0.58733
137.7	-0.26088
137.8	-0.12372
137.9	-0.68635
138	-0.45317
138.1	-0.70773
138.2	-0.2868
138.3	-0.25322
138.4	-0.08804
138.5	-0.60915
138.6	-0.18438
138.7	-0.30699
138.8	0.16324
138.9	-0.15263
139	-0.39611
139.1	-0.2939
139.2	-0.37633
139.3	0.22602
139.4	-0.34922
139.5	-0.66813
139.6	-0.23661
139.7	0.17666
139.8	0.042467
139.9	-0.097411
140	0.39888
140.1	-0.30314
140.2	-0.039188
140.3	-0.36851
140.4	-0.33339
140.5	-0.19036
140.6	0.11719
140.7	0.54912
140.8	0.18255
140.9	-0.36847
141	-0.098705
141.1	-0.1935
141.2	-0.10505
141.3	0.3469
141.4	0.11605
141.5	0.31031
141.6	0.20387
141.7	-0.20504
141.8	0.32207
141.9	-0.35231
142	0.30273
142.1	0.25266
142.2	0.41287
142.3	-0.33322
142.4	0.041561
142.5	0.11797
142.6	0.15263
142.7	0.39535
142.8	0.35256
142.9	0.34784
143	0.21567
143.1	0.67478
143.2	0.084287
143.3	0.22198
143.4	0.028437
143.5	0.19277
143.6	0.43867
143.7	-0.13747
143.8	0.29773
143.9	0.029702
144	0.49633
144.1	-0.32015
144.2	-0.30758
144.3	0.77595
144.4	0.2534
144.5	-0.28273
144.6	-0.18859
144.7	0.30065
144.8	0.42837
144.9	0.44682
145	0.67502
145.1	0.46414
145.2	0.3515
145.3	0.69713
145.4	1.0097
145.5	0.40921
145.6	0.33819
145.7	0.73099
145.8	0.27633
145.9	-0.0074091
146	0.41454
146.1	0.52899
146.2	0.50803
146.3	0.1377
146.4	0.30283
146.5	0.2868
146.6	0.78585
146.7	0.46874
146.8	0.71139
146.9	0.70465
147	0.47583
147.1	-0.052225
147.2	0.65927
147.3	0.7699
147.4	0.3412
147.5	0.57011
147.6	0.45084
147.7	1.1018
147.8	0.59029
147.9	0.66861
148	0.30101
148.1	0.40259
148.2	0.22402
148.3	0.8573
148.4	0.82854
148.5	0.40549
148.6	1.5278
148.7	0.94472
148.8	0.79811
148.9	1.2586
149	-0.045734
149.1	0.67085
149.2	0.69789
149.3	0.77233
149.4	0.40783
149.5	0.88505
149.6	0.06794
149.7	0.77207
149.8	0.8782
149.9	0.74085
150	0.86898
150.1	0.53704
150.2	0.9374
150.3	0.66646
150.4	0.28734
150.5	0.69817
150.6	0.61133
150.7	0.49593
150.8	0.96073
150.9	0.8272
151	0.74439
151.1	0.66216
151.2	1.3351
151.3	1.1895
151.4	0.78628
151.5	0.87431
151.6	1.3074
151.7	1.3967
151.8	1.1946
151.9	0.77108
152	0.69889
152.1	1.104
152.2	0.62417
152.3	0.56667
152.4	0.78592
152.5	1.1837
152.6	0.94912
152.7	0.9791
152.8	1.2472
152.9	0.98431
153	0.57636
153.1	1.1745
153.2	1.0686
153.3	0.9029
153.4	0.80915
153.5	0.77324
153.6	0.93287
153.7	0.70328
153.8	0.79304
153.9	0.50387
154	0.79736
154.1	0.74797
154.2	1.1321
154.3	1.3981
154.4	1.275
154.5	1.281
154.6	1.1723
154.7	1.1358
154.8	1.1991
154.9	0.75739
155	1.2284
155.1	0.6209
155.2	1.168
155.3	0.73448
155.4	0.69478
155.5	0.8515
155.6	0.59826
155.7	0.99529
155.8	1.325
155.9	0.91824
156	1.1429
156.1	1.0438
156.2	1.3597
156.3	0.94947
156.4	1.0856
156.5	1.7386
156.6	1.3427
156.7	0.71913
156.8	1.3355
156.9	0.72257
157	1.0029
157.1	1.0868
157.2	1.2609
157.3	0.88058
157.4	1.1608
157.5	1.53
157.6	0.427
157.7	0.67505
157.8	1.3559
157.9	0.90845
158	0.98431
158.1	1.272
158.2	1.6606
158.3	0.60199
158.4	0.7186
158.5	0.96668
158.6	0.98862
158.7	1.019
158.8	0.8915
158.9	1.3494
159	0.70875
159.1	1.0409
159.2	1.2745
159.3	1.088
159.4	0.78656
159.5	1.007
159.6	0.87319
159.7	0.78596
159.8	1.3692
159.9	0.90119
160	0.78426
160.1	0.72794
160.2	0.98807
160.3	0.49984
160.4	0.45153
160.5	0.99994
160.6	0.55174
160.7	0.81522
160.8	1.1642
160.9	1.2046
161	1.3875
161.1	0.6174
161.2	1.1733
161.3	1.0098
161.4	1.2838
161.5	0.96993
161.6	1.1441
161.7	1.237
161.8	0.76713
161.9	0.74773
162	0.48266
162.1	0.85035
162.2	0.97838
162.3	0.64386
162.4	0.88338
162.5	0.74974
162.6	0.72195
162.7	1.08
162.8	1.0857
162.9	1.1798
163	0.50432
163.1	0.78335
163.2	1.015
163.3	0.42466
163.4	1.3848
163.5	0.87085
163.6	0.63134
163.7	1.0986
163.8	0.8957
163.9	0.80907
164	0.56589
164.1	0.23391
164.2	0.46796
164.3	0.55677
164.4	0.87957
164.5	0.92144
164.6	0.49471
164.7	0.97188
164.8	0.91672
164.9	0.67183
165	0.41703
165.1	0.96286
165.2	0.64911
165.3	0.37669
165.4	0.74906
165.5	0.82302
165.6	0.21996
165.7	1.2108
165.8	-0.0014471
165.9	0.14501
166	0.99503
166.1	0.71757
166.2	0.48346
166.3	0.60768
166.4	0.8156
166.5	0.32774
166.6	0.85847
166.7	0.78105
166.8	0.55007
166.9	0.61269
167	0.35836
167.1	0.2816
167.2	0.41352
167.3	0.83018
167.4	0.44116
167.5	0.36898
167.6	0.20202
167.7	0.14706
167.8	0.48497
167.9	0.7816
168	0.83012
168.1	0.61983
168.2	0.35012
168.3	0.32357
168.4	0.53451
168.5	0.69697
168.6	0.6989
168.7	-0.23821
168.8	0.37434
168.9	0.089007
169	0.22839
169.1	0.88103
169.2	0.11785
169.3	-0.16341
169.4	0.38543
169.5	0.28553
169.6	0.18872
169.7	0.56771
169.8	0.46417
169.9	0.39754
170	0.19208
170.1	0.37057
170.2	0.16849
170.3	0.30203
170.4	0.40948
170.5	0.32867
170.6	0.015171
170.7	0.046142
170.8	-0.11459
170.9	0.48683
171	0.16999
171.1	-0.02914
171.2	0.36142
171.3	-0.0050387
171.4	0.27212
171.5	0.58339
171.6	0.39981
171.7	0.060497
171.8	0.064448
171.9	0.66978
172	0.027439
172.1	0.15906
172.2	0.15652
172.3	0.32619
172.4	0.10334
172.5	0.13863
172.6	0.1154
172.7	0.81546
172.8	0.26158
172.9	-0.27419
173	-0.38647
173.1	-0.51569
173.2	0.5108
173.3	-0.2969
173.4	0.23644
173.5	0.088965
173.6	-0.53917
173.7	0.51574
173.8	0.064621
173.9	0.43503
174	-0.01815
174.1	-0.076996
174.2	-0.44657
174.3	-0.13938
174.4	-0.11941
174.5	-0.62672
174.6	-0.18593
174.7	-0.1411
174.8	-0.41623
174.9	-0.086492
175	-0.58323
175.1	-0.40131
175.2	-0.20729
175.3	-0.43013
175.4	-0.13174
175.5	-0.37677
175.6	-0.53978
175.7	-0.0076624
175.8	-0.11669
175.9	-0.13483
176	-0.11021
176.1	-0.02239
176.2	-0.037395
176.3	-0.33396
176.4	-0.48852
176.5	-0.39597
176.6	-0.00071448
176.7	-0.74069
176.8	-0.55988
176.9	-0.086754
177	-0.15509
177.1	-0.56666
177.2	-0.48911
177.3	-0.48282
177.4	-0.52768
177.5	-1.187
177.6	-0.59108
177.7	-0.379
177.8	0.25496
177.9	-0.92805
178	-0.68862
178.1	-0.62225
178.2	-0.79788
178.3	-0.72588
178.4	-1.1095
178.5	-0.5744
178.6	-0.70461
178.7	-0.3969
178.8	-0.54844
178.9	-0.25414
179	-0.095823
179.1	-0.55359
179.2	-0.9696
179.3	-0.53294
179.4	-0.19462
179.5	-0.6506
179.6	-0.51347
179.7	-0.92739
179.8	-0.19241
179.9	-0.53162
180	-0.78696
180.1	-1.17
180.2	-0.88149
180.3	-0.9907
180.4	-0.83759
180.5	-0.59298
180.6	-0.45535
180.7	-0.66454
180.8	-0.69311
180.9	-0.61276
181	0.063969
181.1	-0.63895
181.2	-0.70324
181.3	-0.27875
181.4	-0.73179
181.5	-0.96702
181.6	-0.49196
181.7	-0.88522
181.8	-0.72347
181.9	-0.52739
182	-0.55397
182.1	-1.2834
182.2	-1.5169
182.3	-1.0246
182.4	-0.32433
182.5	-0.75506
182.6	-0.87671
182.7	-0.88347
182.8	-0.53069
182.9	-0.74835
183	-0.71001
183.1	-1.4851
183.2	-0.91524
183.3	-0.86228
183.4	-1.131
183.5	-0.88468
183.6	-1.0632
183.7	-0.62623
183.8	-1.063
183.9	-0.50485
184	-0.91343
184.1	-0.63628
184.2	-0.22369
184.3	-0.89322
184.4	-0.46892
184.5	-1.243
184.6	-0.37807
184.7	-1.2914
184.8	-0.95211
184.9	-1.0341
185	-1.2843
185.1	-1.3353
185.2	-0.75227
185.3	-1.3661
185.4	-1.3547
185.5	-0.61681
185.6	-0.95786
185.7	-0.84727
185.8	-1.2343
185.9	-1.0255
186	-0.87694
186.1	-0.92121
186.2	-0.43734
186.3	-1.1632
186.4	-1.0231
186.5	-0.73049
186.6	-0.69766
186.7	-1.576
186.8	-1.1032
186.9	-1.1903
187	-0.99364
187.1	-0.83573
187.2	-0.85817
187.3	-0.65059
187.4	-0.8597
187.5	-0.90042
187.6	-0.71232
187.7	-0.86824
187.8	-1.395
187.9	-0.96528
188	-1.4952
188.1	-0.66602
188.2	-1.6319
188.3	-1.1648
188.4	-0.97168
